1 0 0 -1 0 792 cm
0.75 0 0 0.75 0 0 cm
712 662.705898 m
104 662.705898 l
104 663.705898 l
712 663.705898 l
0.733333 0.733333 0.733333 rg
104 663.705898 608 0 re
104 662.705898 608 1 re
0 0 0 rg
1 0 0 -1 104 139.392012 Tm
[<0026>0<0052>0<0047>0<0048>20<005b>0<0003>0<0025>0<0058>0<004c>0<004f>0<0047>0<0003>0<002a>0<0052>0<0044>0<004f>0<001d>0<0003>0<0036>0<0044>0<004f>0<0048>0<0036>0<0046>0<0052>0<0058>0<0057>0<0003>0<0033>0<004b>0<0044>0<0056>0<0048>0<0003>0<0014>0<0003>0<0030>0<0039>0<0033>0] TJ
1 0 0 -1 104 177.81625 Tm
[<003c>49<0052>0<0058>0<0003>0<0044>0<0055>20<0048>0<0003>0<0045>0<0058>0<004c>0<004f>0<0047>0<004c>0<0051>0<004a>0<0003>0<0033>0<004b>0<0044>0<0056>0<0048>0<0003>0<0014>0<0003>0<0052>0<0049>0<0003>0<0036>0<0044>0<004f>0<0048>0<0036>0<0046>0<0052>0<0058>0<0057>0<000f>0<0003>0<0044>0<0003>0<0050>0<0052>0<0045>0<004c>0<004f>0<0048>0<0010>0<07af>0<0055>0<0056>0<0057>0<000f>0<0003>0<0024>0<002c>0<0010>0<0053>0<0052>20<005a>0<0048>0<0055>20<0048>0<0047>0<0003>0<004a>0<0044>0<0055>20<0044>0<004a>0<0048>0<0003>0<0056>0<0044>0<004f>0<0048>0<0003>0<0047>0<004c>0<0056>0<0046>0<0052>20<0059>0<0048>0<0055>0<005c>0<0003>0<0044>0<0053>0<0053>0<0011>0] TJ
1 0 0 -1 104 215.81625 Tm
[<0036>0<0044>0<004f>0<0048>0<0036>0<0046>0<0052>0<0058>0<0057>0<0003>0<004b>0<0048>0<004f>0<0053>0<0056>0<0003>0<0058>0<0056>0<0048>0<0055>0<0056>0<0003>0<0047>0<004c>0<0056>0<0046>0<0052>20<0059>0<0048>0<0055>0<0003>0<0051>0<0048>0<0044>0<0055>0<0045>20<005c>0<0003>0<004a>0<0044>0<0055>20<0044>0<004a>0<0048>0<0003>0<0056>0<0044>0<004f>0<0048>0<0056>0<0003>0<0057>0<004b>0<0055>20<0052>0<0058>0<004a>0<004b>0<0003>0<0044>0<0003>0<0046>0<0055>20<0052>20<005a>0<0047>0<0056>0<0052>0<0058>0<0055>20<0046>0<0048>0<0047>0<0003>0<0050>0<0044>0<0053>0<0011>0<0003>0<002c>0<0051>0<0056>0<0057>0<0048>0<0044>0<0047>0<0003>0<0052>0<0049>0<0003>0<0055>20<0048>0<0054>0<0058>0<004c>0<0055>0<004c>0<0051>0<004a>0] TJ
1 0 0 -1 104 233.81625 Tm
[<0048>20<0059>0<0048>0<0055>0<005c>0<0003>0<0056>0<0044>0<004f>0<0048>0<0003>0<0052>20<005a>0<0051>0<0048>0<0055>0<0003>0<0057>0<0052>0<0003>0<0050>0<0044>0<0051>0<0058>0<0044>0<004f>0<004f>0<005c>0<0003>0<0046>0<0055>20<0048>0<0044>0<0057>0<0048>0<0003>0<0044>0<0003>0<004f>0<004c>0<0056>0<0057>0<004c>0<0051>0<004a>0<000f>0<0003>0<0058>0<0056>0<0048>0<0055>0<0056>0<0003>0<0046>0<0044>0<0051>0<0003>0<0054>0<0058>0<004c>0<0046>0<004e>0<004f>0<005c>0<0003>0<0055>20<0048>0<0053>0<0052>0<0055>0<0057>0<0003>0<004a>0<0044>0<0055>20<0044>0<004a>0<0048>0<0003>0<0056>0<0044>0<004f>0<0048>0<0056>0<0003>0<0057>0<004b>0<0048>20<005c>0<0003>0<07af>0<0051>0<0047>0<0003>0<0045>20<005c>0<0003>0<0057>0<0044>0<004e>0<004c>0<0051>0<004a>0<0003>0<0044>0] TJ
1 0 0 -1 104 251.81625 Tm
[<0053>0<004b>0<0052>0<0057>0<0052>0<0011>0<0003>0<0037>0<004b>0<0048>0<0003>0<0044>0<0053>0<0053>0<0003>0<0058>0<0056>0<0048>0<0056>0<0003>0<004f>0<0052>0<0046>0<0044>0<0057>0<004c>0<0052>0<0051>0<000f>0<0003>0<0053>0<004b>0<0052>0<0057>0<0052>0<0003>0<0058>0<0053>0<004f>0<0052>0<0044>0<0047>0<000f>0<0003>0<0057>0<004c>0<0050>0<0048>0<0056>0<0057>0<0044>0<0050>0<0053>0<000f>0<0003>0<0044>0<0051>0<0047>0<0003>0<0024>0<002c>0<0010>0<004a>0<0048>0<0051>0<0048>0<0055>20<0044>0<0057>0<0048>0<0047>0<0003>0<0050>0<0048>0<0057>0<0044>0<0047>0<0044>0<0057>0<0044>0<0003>0<0057>0<0052>0<0003>0<0046>0<0055>20<0048>0<0044>0<0057>0<0048>0<0003>0<0057>0<0048>0<0050>0<0053>0<0052>0<0055>20<0044>0<0055>0<005c>0] TJ
1 0 0 -1 104 269.81625 Tm
[<004a>0<0044>0<0055>20<0044>0<004a>0<0048>0<0003>0<0056>0<0044>0<004f>0<0048>0<0003>0<004f>0<004c>0<0056>0<0057>0<004c>0<0051>0<004a>0<0056>0<0003>0<0057>0<004b>0<0044>0<0057>0<0003>0<0052>0<0057>0<004b>0<0048>0<0055>0<0003>0<0058>0<0056>0<0048>0<0055>0<0056>0<0003>0<0046>0<0044>0<0051>0<0003>0<0059>0<0048>0<0055>0<004c>0<0049>0<005c>0<0003>0<0057>0<004b>0<0055>20<0052>0<0058>0<004a>0<004b>0<0003>0<0046>0<004b>0<0048>0<0046>0<004e>0<0010>0<004c>0<0051>0<0056>0<0011>0] TJ
1 0 0 -1 104 307.81625 Tm
[<0037>0<004b>0<0048>0<0003>0<0046>0<0052>0<0055>20<0048>0<0003>0<0053>0<0055>20<0052>0<0047>0<0058>0<0046>0<0057>0<0003>0<004f>0<0052>0<0052>0<0053>0<0003>0<004c>0<0056>0<001d>0] TJ
1 0 0 -1 104 346.362148 Tm
[<0036>0<0051>0<0044>0<0053>0<0003>0] TJ
[<031c>] TJ
[<0003>0<0024>0<0058>0<0057>0<0052>0<0010>0<002f>0<004c>0<0056>0<0057>0<0003>0] TJ
[<0003>0<0027>0<004c>0<0056>0<0046>0<0052>20<0059>0<0048>0<0055>0<0003>0] TJ
[<0003>0<0026>0<004b>0<0048>0<0046>0<004e>0<0003>0<002c>0<0051>0<0003>0] TJ
[<0003>0<0039>20<0048>0<0055>0<004c>0<0049>0<005c>0<0003>0] TJ
[<0003>0<0028>0<005b>0<0053>0<004c>0<0055>19<0048>0] TJ
1 0 0 -1 104 384.362148 Tm
[<0037>0<004b>0<0048>0<0003>0<0033>0<004b>0<0044>0<0056>0<0048>0<0003>0<0014>0<0003>0<004a>0<0052>0<0044>0<004f>0<0003>0<004c>0<0056>0<0003>0<0057>0<0052>0<0003>0<0045>0<0058>0<004c>0<004f>0<0047>0<0003>0<0044>0<0003>0<005a>0<0052>0<0055>0<004e>0<004c>0<0051>0<004a>0<0003>0<0030>0<0039>0<0033>0<0003>0<005a>0<004b>0<0048>0<0055>20<0048>0<0003>0<0058>0<0056>0<0048>0<0055>0<0056>0<0003>0<0046>0<0044>0<0051>0<001d>0] TJ
1 0 0 -1 144 422.362148 Tm
[<0036>0<004c>0<004a>0<0051>0<0003>0<0058>0<0053>0<0003>0<0044>0<0051>0<0047>0<0003>0<004f>0<0052>0<004a>0<0003>0<004c>0<0051>0<0011>0] TJ
1 0 0 -1 144 440.362148 Tm
[<0039>0<004c>0<0048>20<005a>0<0003>0<0051>0<0048>0<0044>0<0055>0<0045>20<005c>0<0003>0<004a>0<0044>0<0055>20<0044>0<004a>0<0048>0<0003>0<0056>0<0044>0<004f>0<0048>0<0056>0<0003>0<0052>0<0051>0<0003>0<0044>0<0003>0<0050>0<0044>0<0053>0<0011>0] TJ
1 0 0 -1 144 458.362148 Tm
[<0026>0<0055>20<0048>0<0044>0<0057>0<0048>0<0003>0<0044>0<0003>0<0046>0<0055>20<0052>20<005a>0<0047>0<0056>0<0052>0<0058>0<0055>20<0046>0<0048>0<0047>0<0003>0<004a>0<0044>0<0055>20<0044>0<004a>0<0048>0<0003>0<0056>0<0044>0<004f>0<0048>0<0003>0<004f>0<004c>0<0056>0<0057>0<004c>0<0051>0<004a>0<0003>0<0045>20<005c>0<0003>0<0057>0<0044>0<004e>0<004c>0<0051>0<004a>0<0012>0<0058>0<0053>0<004f>0<0052>0<0044>0<0047>0<004c>0<0051>0<004a>0<0003>0<0044>0<0003>0<0053>0<004b>0<0052>0<0057>0<0052>0<0011>0] TJ
1 0 0 -1 144 476.362148 Tm
[<0024>0<0058>0<0057>0<0052>0<0050>0<0044>0<0057>0<004c>0<0046>0<0044>0<004f>0<004f>0<005c>0<0003>0<0044>0<0057>0<0057>0<0044>0<0046>0<004b>0<0003>0<0057>0<004b>0<0048>0<0003>0<0058>0<0056>0<0048>0<0055>-40<000a>30<0056>0<0003>0<0046>0<0058>0<0055>0<0055>20<0048>0<0051>0<0057>0<0003>0<002a>0<0033>0<0036>0<0003>0<004f>0<0052>0<0046>0<0044>0<0057>0<004c>0<0052>0<0051>0<0003>0<0057>0<0052>0<0003>0<0057>0<004b>0<0048>0<0003>0<004f>0<004c>0<0056>0<0057>0<004c>0<0051>0<004a>0<0011>0] TJ
1 0 0 -1 144 494.362148 Tm
[<0024>0<0047>0<0047>0<0003>0<0052>0<0053>0<0057>0<004c>0<0052>0<0051>0<0044>0<004f>0<0003>0<0057>0<004c>0<0057>0<004f>0<0048>0<000f>0<0003>0<0047>0<0048>0<0056>0<0046>0<0055>0<004c>0<0053>0<0057>0<004c>0<0052>0<0051>0<000f>0<0003>0<0046>0<0044>0<0057>0<0048>0<004a>0<0052>0<0055>0<004c>0<0048>0<0056>0<000f>0<0003>0<0044>0<0051>0<0047>0<0003>0<0046>0<0052>0<0050>0<0050>0<0048>0<0051>0<0057>0<0056>0<0011>0] TJ
1 0 0 -1 144 512.362148 Tm
[<0036>0<0048>0<0048>0<0003>0<0044>0<0046>0<0057>0<004c>0<0059>0<0048>0<0003>0<004f>0<004c>0<0056>0<0057>0<004c>0<0051>0<004a>0<0056>0<0003>0<0051>0<0048>0<0044>0<0055>0<0003>0<0057>0<004b>0<0048>0<0050>0<0011>0] TJ
1 0 0 -1 144 530.362148 Tm
[<0037>80<0044>0<0053>0<0003>0<0044>0<0003>0<004f>0<004c>0<0056>0<0057>0<004c>0<0051>0<004a>0<0003>0<0057>0<0052>0<0003>0<0059>0<004c>0<0048>20<005a>0<0003>0<0047>0<0048>0<0057>0<0044>0<004c>0<004f>0<0056>0<0011>0] TJ
1 0 0 -1 144 548.362148 Tm
[<0026>0<004b>0<0048>0<0046>0<004e>0<0003>0<004c>0<0051>0<0003>0<0044>0<0057>0<0003>0<0044>0<0003>0<0056>0<0044>0<004f>0<0048>0<0011>0] TJ
1 0 0 -1 144 566.362148 Tm
[<0035>0<0048>0<0053>0<0052>0<0055>0<0057>0<0003>0<005a>0<004b>0<0048>0<0057>0<004b>0<0048>0<0055>0<0003>0<0057>0<004b>0<0048>0<0003>0<0056>0<0044>0<004f>0<0048>0<0003>0<004c>0<0056>0<0003>0<0056>0<0057>0<004c>0<004f>0<004f>0<0003>0<0052>0<0053>0<0048>0<0051>0<000f>0<0003>0<0046>0<004f>0<0052>0<0056>0<0048>0<0047>0<000f>0<0003>0<005a>0<0052>0<0055>0<0057>0<004b>0<0003>0<0057>0<004b>0<0048>0<0003>0<0056>0<0057>0<0052>0<0053>0<000f>0<0003>0<0053>0<004c>0<0046>0<004e>0<0048>0<0047>0<0003>0<0052>20<0059>0<0048>0<0055>159<000f>0<0003>0<0052>0<0055>0<0003>0<0046>0<0044>0<0057>0<0048>0<004a>0<0052>0<0055>0<005c>0<0010>0<0056>0<0053>0<0048>0<0046>0<004c>0<07af>0<0046>0<0011>0] TJ
1 0 0 -1 144 584.362148 Tm
[<0024>0<0047>0<0047>0<0003>0<0046>0<0052>0<0050>0<0050>0<0048>0<0051>0<0057>0<0056>0<0003>0<0057>0<0052>0<0003>0<0044>0<0003>0<004f>0<004c>0<0056>0<0057>0<004c>0<0051>0<004a>0<0011>0] TJ
1 0 0 -1 144 602.362148 Tm
[<0036>0<0044>0<0059>0<0048>0<0003>0<0049>0<0044>0<0059>0<0052>0<0055>0<004c>0<0057>0<0048>0<0003>0<004f>0<004c>0<0056>0<0057>0<004c>0<0051>0<004a>0<0056>0<0011>0] TJ
1 0 0 -1 144 620.362148 Tm
[<0024>0<0058>0<0057>0<0052>0<0050>0<0044>0<0057>0<004c>0<0046>0<0044>0<004f>0<004f>0<005c>0<0003>0<0048>20<005b>0<0053>0<004c>0<0055>20<0048>0<0003>0<004f>0<004c>0<0056>0<0057>0<004c>0<0051>0<004a>0<0056>0<0003>0<0044>0<0049>0<0057>0<0048>0<0055>0<0003>0<0017>0<001b>0<0003>0<004b>0<0052>0<0058>0<0055>0<0056>0<0003>0<0052>0<0049>0<0003>0<004c>0<0051>0<0044>0<0046>0<0057>0<004c>0<0059>0<004c>0<0057>0<005c>40<0011>0] TJ
1 0 0 -1 144 638.362148 Tm
[<0024>0<004f>0<004f>0<0052>20<005a>0<0003>0<004f>0<004c>0<0056>0<0057>0<004c>0<0051>0<004a>0<0056>0<0003>0<0057>0<0052>0<0003>0<0046>0<004f>0<0052>0<0056>0<0048>0<0003>0<0056>0<0052>0<0052>0<0051>0<0048>0<0055>0<0003>0<004c>0<0049>0<0003>0<0048>0<0051>0<0052>0<0058>0<004a>0<004b>0<0003>0<0058>0<0056>0<0048>0<0055>0<0056>0<0003>0<0055>20<0048>0<0053>0<0052>0<0055>0<0057>0<0003>0<0057>0<004b>0<0044>0<0057>0<0003>0<0057>0<004b>0<0048>0<0003>0<0056>0<0044>0<004f>0<0048>0<0003>0<004c>0<0056>0<0003>0<0046>0<004f>0<0052>0<0056>0<0048>0<0047>0<0011>0] TJ
1 0 0 -1 104 711.01791 Tm
[<0035>0<0048>0<0046>0<0052>0<0050>0<0050>0<0048>0<0051>0<0047>0<0048>0<0047>0<0003>0<0037>70<0048>0<0046>0<004b>0<0003>0<0036>0<0057>0<0044>0<0046>0<004e>0] TJ
1 0 0 -1 104 749.442148 Tm
[<0038>0<0056>0<0048>0<001d>0] TJ
1 0 0 -1 144 787.442148 Tm
[<0035>0<0048>0<0044>0<0046>0<0057>0<0003>0<0031>0<0044>0<0057>0<004c>0<0059>0<0048>0<0003>0<005a>0<004c>0<0057>0<004b>0<0003>0<0028>0<005b>0<0053>0<0052>0] TJ
1 0 0 -1 144 805.442148 Tm
[<0037>20<005c>0<0053>0<0048>0<0036>0<0046>0<0055>0<004c>0<0053>0<0057>0] TJ
1 0 0 -1 144 823.442148 Tm
[<0036>0<0058>0<0053>0<0044>0<0045>0<0044>0<0056>0<0048>0] TJ
1 0 0 -1 144 841.442148 Tm
[<0036>0<0058>0<0053>0<0044>0<0045>0<0044>0<0056>0<0048>0<0003>0<0024>0<0058>0<0057>0<004b>0] TJ
1 0 0 -1 144 859.442148 Tm
[<0036>0<0058>0<0053>0<0044>0<0045>0<0044>0<0056>0<0048>0<0003>0<0033>0<0052>0<0056>0<0057>0<004a>0<0055>20<0048>0<0036>0<0034>0<002f>0] TJ
1 0 0 -1 144 877.442148 Tm
[<0036>0<0058>0<0053>0<0044>0<0045>0<0044>0<0056>0<0048>0<0003>0<0036>0<0057>0<0052>0<0055>20<0044>0<004a>0<0048>0] TJ
1 0 0 -1 144 895.442148 Tm
[<0036>0<0058>0<0053>0<0044>0<0045>0<0044>0<0056>0<0048>0<0003>0<0028>0<0047>0<004a>0<0048>0<0003>0<0029>0<0058>0<0051>0<0046>0<0057>0<004c>0<0052>0<0051>0<0056>0] TJ
1 0 0 -1 144 913.442148 Tm
[<002a>0<0052>0<0052>0<004a>0<004f>0<0048>0<0003>0<0030>0<0044>0<0053>0<0056>0<0003>0<0052>0<0055>0<0003>0<0030>0<0044>0<0053>0<0045>0<0052>20<005b>0] TJ
1 0 0 -1 144 931.442148 Tm
[<0028>0<005b>0<0053>0<0052>0<0003>0<002f>0<0052>0<0046>0<0044>0<0057>0<004c>0<0052>0<0051>0] TJ
1 0 0 -1 144 949.442148 Tm
[<0028>0<005b>0<0053>0<0052>0<0003>0<002c>0<0050>0<0044>0<004a>0<0048>0<0003>0<0033>0<004c>0<0046>0<004e>0<0048>0<0055>0] TJ
1 0 0 -1 130.799805 422.362148 Tm
[<0014>0<0011>0<0003>0] TJ
1 0 0 -1 130.799805 440.362148 Tm
[<0015>0<0011>0<0003>0] TJ
1 0 0 -1 130.799805 458.362148 Tm
[<0016>0<0011>0<0003>0] TJ
1 0 0 -1 130.799805 476.362148 Tm
[<0017>0<0011>0<0003>0] TJ
1 0 0 -1 130.799805 494.362148 Tm
[<0018>0<0011>0<0003>0] TJ
1 0 0 -1 130.799805 512.362148 Tm
[<0019>0<0011>0<0003>0] TJ
1 0 0 -1 130.799805 530.362148 Tm
[<001a>0<0011>0<0003>0] TJ
1 0 0 -1 130.799805 548.362148 Tm
[<001b>0<0011>0<0003>0] TJ
1 0 0 -1 130.799805 566.362148 Tm
[<001c>0<0011>0<0003>0] TJ
1 0 0 -1 123.935547 584.362148 Tm
[<0014>0<0013>0<0011>0<0003>0] TJ
1 0 0 -1 123.935547 602.362148 Tm
[<0014>0<0014>0<0011>0<0003>0] TJ
1 0 0 -1 123.935547 620.362148 Tm
[<0014>0<0015>0<0011>0<0003>0] TJ
1 0 0 -1 123.935547 638.362148 Tm
[<0014>0<0016>0<0011>0<0003>0] TJ
1 0 0 -1 136.368164 787.442148 Tm
[<020e>0<0003>0] TJ
1 0 0 -1 136.368164 805.442148 Tm
1 0 0 -1 136.368164 823.442148 Tm
1 0 0 -1 136.368164 841.442148 Tm
1 0 0 -1 136.368164 859.442148 Tm
1 0 0 -1 136.368164 877.442148 Tm
1 0 0 -1 136.368164 895.442148 Tm
1 0 0 -1 136.368164 913.442148 Tm
1 0 0 -1 136.368164 931.442148 Tm
1 0 0 -1 136.368164 949.442148 Tm
0.431373 0.431373 0.431373 rg
1 0 0 -1 404.567871 1012.65625 Tm
[<0014>0] TJ
712 134 m
104 134 l
104 135 l
712 135 l
104 135 608 0 re
104 134 608 1 re
712 427.02 m
104 427.02 l
104 428.02 l
712 428.02 l
104 428.02 608 0 re
104 427.02 608 1 re
712 693.96 m
104 693.96 l
104 694.96 l
712 694.96 l
104 694.96 608 0 re
104 693.96 608 1 re
1 0 0 -1 144 109.65625 Tm
[<0036>0<0057>0<0055>0<004c>0<0053>0<0048>0<0003>0<004f>0<0044>0<0057>0<0048>0<0055>159<000f>0<0003>0<0045>0<0058>0<0057>0<0003>0<0051>0<0052>0<0057>0<0003>0<0055>20<0048>0<0054>0<0058>0<004c>0<0055>20<0048>0<0047>0<0003>0<0049>0<0052>0<0055>0<0003>0<0033>0<004b>0<0044>0<0056>0<0048>0<0003>0<0014>0] TJ
1 0 0 -1 104 182.312012 Tm
[<0033>0<004b>0<0044>0<0056>0<0048>0<0003>0<0014>0<0003>0<0033>0<0055>20<0052>0<0047>0<0058>0<0046>0<0057>0<0003>0<0036>0<0046>0<0052>0<0053>0<0048>0] TJ
1 0 0 -1 104 227.563887 Tm
[<0024>0<0058>0<0057>0<004b>0<0048>0<0051>0<0057>0<004c>0<0046>0<0044>0<0057>0<004c>0<0052>0<0051>0] TJ
1 0 0 -1 104 262.67625 Tm
[<0025>0<0058>0<004c>0<004f>0<0047>0<001d>0] TJ
1 0 0 -1 144 300.67625 Tm
[<0036>0<004c>0<004a>0<0051>0<0003>0<0058>0<0053>0] TJ
1 0 0 -1 144 318.67625 Tm
[<002f>0<0052>0<004a>0<0003>0<004c>0<0051>0] TJ
1 0 0 -1 144 336.67625 Tm
[<002f>0<0052>0<004a>0<0003>0<0052>0<0058>0<0057>0] TJ
1 0 0 -1 144 354.67625 Tm
[<0038>0<0056>0<0048>0<0055>0<0003>0<0053>0<0055>20<0052>0<07af>0<004f>0<0048>0<0003>0<0057>0<0044>0<0045>0<004f>0<0048>0] TJ
1 0 0 -1 144 372.67625 Tm
[<0025>0<0044>0<0056>0<004c>0<0046>0<0003>0<0058>0<0056>0<0048>0<0055>0<0051>0<0044>0<0050>0<0048>0<0012>0<0047>0<004c>0<0056>0<0053>0<004f>0<0044>0<005c>0<0003>0<0051>0<0044>0<0050>0<0048>0] TJ
1 0 0 -1 104 402.67625 Tm
[<0038>0<0056>0<0048>0<0003>0<0036>0<0058>0<0053>0<0044>0<0045>0<0044>0<0056>0<0048>0<0003>0<0024>0<0058>0<0057>0<004b>0<0011>0] TJ
1 0 0 -1 104 468.503887 Tm
[<0030>0<0044>0<0053>0<0003>0<0036>0<0046>0<0055>20<0048>0<0048>0<0051>0] TJ
1 0 0 -1 104 503.61625 Tm
[<0025>0<0058>0<004c>0<004f>0<0047>0<0003>0<0057>0<004b>0<0048>0<0003>0<0050>0<0044>0<004c>0<0051>0<0003>0<0050>0<0044>0<0053>0<0003>0<0056>0<0046>0<0055>20<0048>0<0048>0<0051>0<0011>0] TJ
1 0 0 -1 104 541.61625 Tm
[<0029>0<0048>0<0044>0<0057>0<0058>0<0055>20<0048>0<0056>0<001d>0] TJ
1 0 0 -1 144 579.61625 Tm
[<0036>0<004b>0<0052>20<005a>0<0003>0<0058>0<0056>0<0048>0<0055>-40<000a>30<0056>0<0003>0<0046>0<0058>0<0055>0<0055>20<0048>0<0051>0<0057>0<0003>0<004f>0<0052>0<0046>0<0044>0<0057>0<004c>0<0052>0<0051>0] TJ
1 0 0 -1 144 597.61625 Tm
[<0036>0<004b>0<0052>20<005a>0<0003>0<0044>0<0046>0<0057>0<004c>0<0059>0<0048>0<0003>0<004a>0<0044>0<0055>20<0044>0<004a>0<0048>0<0003>0<0056>0<0044>0<004f>0<0048>0<0003>0<0053>0<004c>0<0051>0<0056>0<0003>0<0051>0<0048>0<0044>0<0055>0<0045>20<005c>0] TJ
1 0 0 -1 144 615.61625 Tm
[<0033>0<004c>0<0051>0<0056>0<0003>0<0056>0<004b>0<0052>0<0058>0<004f>0<0047>0<0003>0<0052>0<0051>0<004f>0<005c>0<0003>0<0056>0<004b>0<0052>20<005a>0<0003>0<004f>0<004c>0<0056>0<0057>0<004c>0<0051>0<004a>0<0056>0<0003>0<0057>0<004b>0<0044>0<0057>0<0003>0<0044>0<0055>20<0048>0<0003>0<0044>0<0046>0<0057>0<004c>0<0059>0<0048>0<0003>0<0044>0<0051>0<0047>0<0003>0<0051>0<0052>0<0057>0<0003>0<0048>20<005b>0<0053>0<004c>0<0055>20<0048>0<0047>0] TJ
1 0 0 -1 144 633.61625 Tm
[<0037>80<0044>0<0053>0<0053>0<004c>0<0051>0<004a>0<0003>0<0044>0<0003>0<0053>0<004c>0<0051>0<0003>0<0052>0<0053>0<0048>0<0051>0<0056>0<0003>0<0044>0<0003>0<0056>0<0044>0<004f>0<0048>0<0003>0<0053>0<0055>20<0048>20<0059>0<004c>0<0048>20<005a>0<0003>0<0046>0<0044>0<0055>20<0047>0] TJ
1 0 0 -1 144 651.61625 Tm
[<0033>0<0055>20<0048>20<0059>0<004c>0<0048>20<005a>0<0003>0<0046>0<0044>0<0055>20<0047>0<0003>0<0056>0<004b>0<0052>20<005a>0<0056>0<0003>0<0053>0<004b>0<0052>0<0057>0<0052>0<000f>0<0003>0<0057>0<004c>0<0057>0<004f>0<0048>0<000f>0<0003>0<0047>0<004c>0<0056>0<0057>0<0044>0<0051>0<0046>0<0048>0<000f>0<0003>0<004f>0<0044>0<0056>0<0057>0<0003>0<0059>0<0048>0<0055>0<004c>0<07af>0<0048>0<0047>0<0003>0<0057>0<004c>0<0050>0<0048>0<000f>0<0003>0<0044>0<0051>0<0047>0<0003>0<0056>0<0057>0<0044>0<0057>0<0058>0<0056>0] TJ
1 0 0 -1 144 669.61625 Tm
[<0025>0<0058>0<0057>0<0057>0<0052>0<0051>0<0003>0<0057>0<0052>0<0003>0<0052>0<0053>0<0048>0<0051>0<0003>0<0049>0<0058>0<004f>0<004f>0<0003>0<0056>0<0044>0<004f>0<0048>0<0003>0<0047>0<0048>0<0057>0<0044>0<004c>0<004f>0<0003>0<0056>0<0046>0<0055>20<0048>0<0048>0<0051>0] TJ
1 0 0 -1 104 735.443887 Tm
[<0026>0<0055>20<0048>0<0044>0<0057>0<0048>0<0003>0<002f>0<004c>0<0056>0<0057>0<004c>0<0051>0<004a>0<0003>0<0029>0<004f>0<0052>20<005a>0] TJ
1 0 0 -1 104 770.55625 Tm
[<0037>0<004b>0<0048>0<0003>0<004f>0<004c>0<0056>0<0057>0<004c>0<0051>0<004a>0<0003>0<0046>0<0055>20<0048>0<0044>0<0057>0<004c>0<0052>0<0051>0<0003>0<07b0>0<0052>20<005a>0<0003>0<0056>0<004b>0<0052>0<0058>0<004f>0<0047>0<0003>0<0045>0<0048>0<0003>0<0048>20<005b>0<0057>0<0055>20<0048>0<0050>0<0048>0<004f>0<005c>0<0003>0<0049>0<0044>0<0056>0<0057>0<0011>0] TJ
1 0 0 -1 104 808.55625 Tm
[<0033>0<0055>0<004c>0<0050>0<0044>0<0055>0<005c>0<0003>0<0026>0<0037>69<0024>0<001d>0] TJ
1 0 0 -1 104 846.55625 Tm
[<0035>0<0048>0<0053>0<0052>0<0055>0<0057>0<0003>0<0036>0<0044>0<004f>0<0048>0] TJ
1 0 0 -1 104 884.55625 Tm
[<0029>0<004f>0<0052>20<005a>0<001d>0] TJ
1 0 0 -1 144 922.55625 Tm
[<0038>0<0056>0<0048>0<0055>0<0003>0<0057>0<0044>0<0053>0<0056>0<0003>0<0035>0<0048>0<0053>0<0052>0<0055>0<0057>0<0003>0<0036>0<0044>0<004f>0<0048>0<0011>0] TJ
1 0 0 -1 144 940.55625 Tm
[<0038>0<0056>0<0048>0<0055>0<0003>0<0057>0<0044>0<004e>0<0048>0<0056>0<0003>0<0052>0<0055>0<0003>0<0058>0<0053>0<004f>0<0052>0<0044>0<0047>0<0056>0<0003>0<0044>0<0003>0<0053>0<004b>0<0052>0<0057>0<0052>0<0011>0] TJ
1 0 0 -1 136.368164 109.65625 Tm
1 0 0 -1 136.368164 300.67625 Tm
1 0 0 -1 136.368164 318.67625 Tm
1 0 0 -1 136.368164 336.67625 Tm
1 0 0 -1 136.368164 354.67625 Tm
1 0 0 -1 136.368164 372.67625 Tm
1 0 0 -1 136.368164 579.61625 Tm
1 0 0 -1 136.368164 597.61625 Tm
1 0 0 -1 136.368164 615.61625 Tm
1 0 0 -1 136.368164 633.61625 Tm
1 0 0 -1 136.368164 651.61625 Tm
1 0 0 -1 136.368164 669.61625 Tm
1 0 0 -1 130.799805 922.55625 Tm
1 0 0 -1 130.799805 940.55625 Tm
[<0015>0] TJ
712 456 m
104 456 l
104 457 l
712 457 l
104 457 608 0 re
104 456 608 1 re
[<0024>0<0053>0<0053>0<0003>0<004a>0<0048>0<0057>0<0056>0<0003>0<0046>0<0058>0<0055>0<0055>20<0048>0<0051>0<0057>0<0003>0<002a>0<0033>0<0036>0<0003>0<004f>0<0052>0<0046>0<0044>0<0057>0<004c>0<0052>0<0051>0<0011>0] TJ
1 0 0 -1 144 127.65625 Tm
[<0024>0<0053>0<0053>0<0003>0<0046>0<0055>20<0048>0<0044>0<0057>0<0048>0<0056>0<0003>0<0044>0<0003>0<0051>0<0048>20<005a>0<0003>0<0056>0<0044>0<004f>0<0048>0<0003>0<004f>0<004c>0<0056>0<0057>0<004c>0<0051>0<004a>0<0011>0] TJ
1 0 0 -1 144 157.65625 Tm
[<0038>0<0056>0<0048>0<0055>0<0003>0<0046>0<0044>0<0051>0<0003>0<0052>0<0053>0<0057>0<004c>0<0052>0<0051>0<0044>0<004f>0<004f>0<005c>0<0003>0<0044>0<0047>0<0047>0<001d>0] TJ
1 0 0 -1 144 195.65625 Tm
[<0037>0<004c>0<0057>0<004f>0<0048>0] TJ
1 0 0 -1 144 233.65625 Tm
[<0027>0<0048>0<0056>0<0046>0<0055>0<004c>0<0053>0<0057>0<004c>0<0052>0<0051>0] TJ
1 0 0 -1 144 251.65625 Tm
[<0026>0<0044>0<0057>0<0048>0<004a>0<0052>0<0055>0<004c>0<0048>0<0056>0] TJ
1 0 0 -1 144 269.65625 Tm
[<0026>0<0052>0<0050>0<0050>0<0048>0<0051>0<0057>0] TJ
1 0 0 -1 144 287.65625 Tm
[<002f>0<004c>0<0056>0<0057>0<004c>0<0051>0<004a>0<0003>0<004c>0<0056>0<0003>0<0056>0<0044>0<0059>0<0048>0<0047>0<0003>0<0044>0<0056>0<0003>0<0044>0<0046>0<0057>0<004c>0<0059>0<0048>0<0011>0] TJ
1 0 0 -1 104 317.65625 Tm
[<0027>0<0048>0<0049>0<0044>0<0058>0<004f>0<0057>0<0003>0<004f>0<004c>0<0056>0<0057>0<004c>0<0051>0<004a>0<0003>0<0057>0<004c>0<0057>0<004f>0<0048>0<0003>0<004c>0<0049>0<0003>0<0058>0<0056>0<0048>0<0055>0<0003>0<0048>0<0051>0<0057>0<0048>0<0055>0<0056>0<0003>0<0051>0<0052>0<0057>0<004b>0<004c>0<0051>0<004a>0<001d>0] TJ
1 0 0 -1 104 355.65625 Tm
[<002a>0<0044>0<0055>19<0044>0<004a>0<0048>0<0003>0<0036>0<0044>0<004f>0<0048>0<0003>0<0031>0<0048>0<0044>0<0055>0<0045>20<005c>0] TJ
1 0 0 -1 104 393.65625 Tm
[<0027>0<0048>0<0049>0<0044>0<0058>0<004f>0<0057>0<0003>0<0047>0<0048>0<0056>0<0046>0<0055>0<004c>0<0053>0<0057>0<004c>0<0052>0<0051>0<001d>0] TJ
1 0 0 -1 104 431.65625 Tm
[<0026>0<0055>19<0052>20<005a>0<0047>0<0056>0<0052>0<0058>0<0055>19<0046>0<0048>0<0047>0<0003>0<004a>0<0044>0<0055>19<0044>0<004a>0<0048>0<0003>0<0056>0<0044>0<004f>0<0048>0<0003>0<0055>19<0048>0<0053>0<0052>0<0055>0<0057>0<0048>0<0047>0<0003>0<0045>20<005c>0<0003>0<0044>0<0003>0<0036>0<0044>0<004f>0<0048>0<0036>0<0046>0<0052>0<0058>0<0057>0<0003>0<0058>0<0056>0<0048>0<0055>99<0011>0] TJ
1 0 0 -1 104 497.483887 Tm
[<0024>0<002c>0<0003>0<0033>0<004f>0<0044>0<0046>0<0048>0<004b>0<0052>0<004f>0<0047>0<0048>0<0055>0] TJ
1 0 0 -1 104 532.59625 Tm
[<0029>0<0052>0<0055>0<0003>0<0033>0<004b>0<0044>0<0056>0<0048>0<0003>0<0014>0<000f>0<0003>0<0046>0<0055>20<0048>0<0044>0<0057>0<0048>0<0003>0<0057>0<004b>0<0048>0<0003>0<0056>0<0057>0<0055>0<0058>0<0046>0<0057>0<0058>0<0055>20<0048>0<0003>0<0049>0<0052>0<0055>0<0003>0<0024>0<002c>0<0003>0<0045>0<0058>0<0057>0<0003>0<0047>0<0052>0<0003>0<0051>0<0052>0<0057>0<0003>0<0055>20<0048>0<0054>0<0058>0<004c>0<0055>20<0048>0<0003>0<0049>0<0058>0<004f>0<004f>0<0003>0<0024>0<002c>0<0003>0<004c>0<0051>0<0057>0<0048>0<004a>0<0055>20<0044>0<0057>0<004c>0<0052>0<0051>0<0003>0<005c>0<0048>0<0057>0<0011>0] TJ
1 0 0 -1 104 570.59625 Tm
[<0024>0<0047>0<0047>0<0003>0<0044>0<0003>0<0045>0<0044>0<0046>0<004e>0<0048>0<0051>0<0047>0<0003>0<0049>0<0058>0<0051>0<0046>0<0057>0<004c>0<0052>0<0051>0<0003>0<0053>0<004f>0<0044>0<0046>0<0048>0<004b>0<0052>0<004f>0<0047>0<0048>0<0055>0<0003>0<0046>0<0044>0<004f>0<004f>0<0048>0<0047>0<001d>0] TJ
107 595.494688 m
319.833984 595.494688 l
321.483984 595.494688 322.833984 596.844688 322.833984 598.494688 c
322.833984 610.494688 l
322.833984 612.144688 321.483984 613.494688 319.833984 613.494688 c
107 613.494688 l
105.35 613.494688 104 612.144688 104 610.494688 c
104 598.494688 l
104 596.844688 105.35 595.494688 107 595.494688 c
0.952941 0.952941 0.952941 rg
104 595.494688 218.833984 18 re
0.839216 0.839216 0.839216 rg
107 596.494688 m
319.833984 596.494688 l
320.933984 596.494688 321.833984 597.394688 321.833984 598.494688 c
321.833984 610.494688 l
321.833984 611.594688 320.933984 612.494688 319.833984 612.494688 c
107 612.494688 l
105.9 612.494688 105 611.594688 105 610.494688 c
105 598.494688 l
105 597.394688 105.9 596.494688 107 596.494688 c
1 0 0 -1 109 608.59625 Tm
[<004a>0<0048>0<0051>0<0048>0<0055>0<0044>0<0057>0<0048>0<0036>0<0044>0<004f>0<0048>0<0030>0<0048>0<0057>0<0044>0<0047>0<0044>0<0057>0<0044>0<0029>0<0055>0<0052>0<0050>0<0033>0<004b>0<0052>0<0057>0<0052>0] TJ
1 0 0 -1 104 647.150938 Tm
[<0029>0<0058>0<0057>0<0058>0<0055>20<0048>0<0003>0<0045>0<0048>0<004b>0<0044>0<0059>0<004c>0<0052>0<0055>0<001d>0] TJ
1 0 0 -1 144 685.150938 Tm
[<0024>0<0051>0<0044>0<004f>0<005c>0<005d>0<0048>0<0003>0<0053>0<004b>0<0052>0<0057>0<0052>0] TJ
1 0 0 -1 144 703.150938 Tm
[<0027>0<0048>0<0057>0<0048>0<0046>0<0057>0<0003>0<004c>0<0057>0<0048>0<0050>0<0056>0] TJ
1 0 0 -1 144 721.150938 Tm
[<002a>0<0048>0<0051>0<0048>0<0055>20<0044>0<0057>0<0048>0<0003>0<0057>0<004c>0<0057>0<004f>0<0048>0] TJ
1 0 0 -1 144 739.150938 Tm
[<002a>0<0048>0<0051>0<0048>0<0055>20<0044>0<0057>0<0048>0<0003>0<0047>0<0048>0<0056>0<0046>0<0055>0<004c>0<0053>0<0057>0<004c>0<0052>0<0051>0] TJ
1 0 0 -1 144 757.150938 Tm
[<0036>0<0058>0<004a>0<004a>0<0048>0<0056>0<0057>0<0003>0<0046>0<0044>0<0057>0<0048>0<004a>0<0052>0<0055>0<004c>0<0048>0<0056>0] TJ
1 0 0 -1 104 787.150938 Tm
[<0029>0<0052>0<0055>0<0003>0<0051>0<0052>20<005a>40<000f>0<0003>0<0055>20<0048>0<0057>0<0058>0<0055>0<0051>0<0003>0<0056>0<004c>0<0050>0<0053>0<004f>0<0048>0<0003>0<0050>0<0052>0<0046>0<004e>0<0003>0<0050>0<0048>0<0057>0<0044>0<0047>0<0044>0<0057>0<0044>0<0011>0] TJ
1 0 0 -1 104 825.150938 Tm
[<0028>0<005b>0<0044>0<0050>0<0053>0<004f>0<0048>0<001d>0] TJ
1 0 0 -1 104 863.150938 Tm
[<0037>0<004c>0<0057>0<004f>0<0048>0<001d>0<0003>0<002a>0<0044>0<0055>20<0044>0<004a>0<0048>0<0003>0<0036>0<0044>0<004f>0<0048>0<0003>0<0031>0<0048>0<0044>0<0055>0<0045>20<005c>0] TJ
1 0 0 -1 104 901.150938 Tm
[<0027>0<0048>0<0056>0<0046>0<0055>0<004c>0<0053>0<0057>0<004c>0<0052>0<0051>0<001d>0<0003>0<0026>0<0055>20<0052>20<005a>0<0047>0<0056>0<0052>0<0058>0<0055>20<0046>0<0048>0<0047>0<0003>0<004a>0<0044>0<0055>20<0044>0<004a>0<0048>0<0003>0<0056>0<0044>0<004f>0<0048>0<0003>0<0055>20<0048>0<0053>0<0052>0<0055>0<0057>0<0048>0<0047>0<0003>0<0045>20<005c>0<0003>0<0044>0<0003>0<0036>0<0044>0<004f>0<0048>0<0036>0<0046>0<0052>0<0058>0<0057>0<0003>0<0058>0<0056>0<0048>0<0055>159<0011>0] TJ
1 0 0 -1 104 939.150938 Tm
[<0026>0<0044>0<0057>0<0048>0<004a>0<0052>0<0055>0<004c>0<0048>0<0056>0<001d>0<0003>0<002a>0<0048>0<0051>0<0048>0<0055>20<0044>0<004f>0<000f>0<0003>0<0029>0<0058>0<0055>0<0051>0<004c>0<0057>0<0058>0<0055>20<0048>0<000f>0<0003>0<0037>69<0052>0<0052>0<004f>0<0056>0<000f>0<0003>0<0037>69<0052>20<005c>0<0056>0] TJ
1 0 0 -1 130.799805 109.65625 Tm
1 0 0 -1 130.799805 127.65625 Tm
1 0 0 -1 130.799805 157.65625 Tm
1 0 0 -1 130.799805 195.65625 Tm
1 0 0 -1 130.799805 233.65625 Tm
1 0 0 -1 130.799805 251.65625 Tm
1 0 0 -1 130.799805 269.65625 Tm
1 0 0 -1 123.935547 287.65625 Tm
1 0 0 -1 136.368164 685.150938 Tm
1 0 0 -1 136.368164 703.150938 Tm
1 0 0 -1 136.368164 721.150938 Tm
1 0 0 -1 136.368164 739.150938 Tm
1 0 0 -1 136.368164 757.150938 Tm
[<0016>0] TJ
712 96 m
104 96 l
104 97 l
712 97 l
104 97 608 0 re
104 96 608 1 re
712 462.94 m
104 462.94 l
104 463.94 l
712 463.94 l
104 463.94 608 0 re
104 462.94 608 1 re
1 0 0 -1 104 137.483887 Tm
[<0036>0<0044>0<004f>0<0048>0<0003>0<0027>0<0048>0<0057>0<0044>0<004c>0<004f>0<0003>0<0036>0<0046>0<0055>20<0048>0<0048>0<0051>0] TJ
1 0 0 -1 104 172.59625 Tm
[<0028>0<0044>0<0046>0<004b>0<0003>0<004f>0<004c>0<0056>0<0057>0<004c>0<0051>0<004a>0<0003>0<0056>0<004b>0<0052>0<0058>0<004f>0<0047>0<0003>0<0056>0<004b>0<0052>20<005a>0<001d>0] TJ
1 0 0 -1 144 210.59625 Tm
[<0030>0<0044>0<004c>0<0051>0<0003>0<0053>0<004b>0<0052>0<0057>0<0052>0] TJ
1 0 0 -1 144 228.59625 Tm
1 0 0 -1 144 246.59625 Tm
1 0 0 -1 144 264.59625 Tm
[<0024>0<0047>0<0047>0<0055>20<0048>0<0056>0<0056>0<0003>0<0044>0<0053>0<0053>0<0055>20<0052>20<005b>0<004c>0<0050>0<0044>0<0057>0<004c>0<0052>0<0051>0<0003>0<0052>0<0055>0<0003>0<0051>0<0048>0<004c>0<004a>0<004b>0<0045>0<0052>0<0055>0<004b>0<0052>0<0052>0<0047>0] TJ
1 0 0 -1 144 282.59625 Tm
[<0027>0<004c>0<0056>0<0057>0<0044>0<0051>0<0046>0<0048>0<0003>0<0049>0<0055>20<0052>0<0050>0<0003>0<0058>0<0056>0<0048>0<0055>0] TJ
1 0 0 -1 144 300.59625 Tm
[<0026>0<0055>20<0048>0<0044>0<0057>0<0048>0<0047>0<0003>0<0057>0<004c>0<0050>0<0048>0] TJ
1 0 0 -1 144 318.59625 Tm
[<002f>0<0044>0<0056>0<0057>0<0003>0<0059>0<0048>0<0055>0<004c>0<07af>0<0048>0<0047>0<0003>0<0057>0<004c>0<0050>0<0048>0] TJ
1 0 0 -1 144 336.59625 Tm
[<0026>0<0058>0<0055>0<0055>20<0048>0<0051>0<0057>0<0003>0<0056>0<0057>0<0044>0<0057>0<0058>0<0056>0] TJ
1 0 0 -1 144 354.59625 Tm
1 0 0 -1 144 372.59625 Tm
[<0026>0<0052>0<0050>0<0050>0<0048>0<0051>0<0057>0<0056>0] TJ
1 0 0 -1 144 390.59625 Tm
[<0026>0<004b>0<0048>0<0046>0<004e>0<0010>0<004c>0<0051>0<0012>0<0055>20<0048>0<0053>0<0052>0<0055>0<0057>0<0003>0<0045>0<0058>0<0057>0<0057>0<0052>0<0051>0<0056>0] TJ
1 0 0 -1 144 408.59625 Tm
[<0036>0<0044>0<0059>0<0048>0<0003>0<0049>0<0044>0<0059>0<0052>0<0055>0<004c>0<0057>0<0048>0<0003>0<0045>0<0058>0<0057>0<0057>0<0052>0<0051>0] TJ
1 0 0 -1 104 438.59625 Tm
[<0027>0<0052>0<0003>0<0051>0<0052>0<0057>0<0003>0<0047>0<004c>0<0056>0<0053>0<004f>0<0044>0<005c>0<0003>0<0057>0<004b>0<0048>0<0003>0<0048>20<005b>0<0044>0<0046>0<0057>0<0003>0<0055>20<0048>0<0053>0<0052>0<0055>0<0057>0<0048>0<0055>-40<000a>30<0056>0<0003>0<004b>0<0052>0<0050>0<0048>0<0003>0<0044>0<0047>0<0047>0<0055>20<0048>0<0056>0<0056>0<0011>0<0003>0<0038>0<0056>0<0048>0<0003>0<002a>0<0033>0<0036>0<0003>0<0052>0<0051>0<004f>0<005c>0<0003>0<0049>0<0052>0<0055>0<0003>0<0057>0<004b>0<0048>0<0003>0<0056>0<0044>0<004f>0<0048>0<0003>0<004f>0<0052>0<0046>0<0044>0<0057>0<004c>0<0052>0<0051>0<0011>0] TJ
1 0 0 -1 104 504.423887 Tm
[<0026>0<004b>0<0048>0<0046>0<004e>0<0010>0<002c>0<0051>0<0003>0<0044>0<0051>0<0047>0<0003>0<0039>20<0048>0<0055>0<004c>0<07af>0<0046>0<0044>0<0057>0<004c>0<0052>0<0051>0<0003>0<0036>0<005c>0<0056>0<0057>0<0048>0<0050>0] TJ
1 0 0 -1 104 539.53625 Tm
[<0038>0<0056>0<0048>0<0055>0<0056>0<0003>0<0056>0<004b>0<0052>0<0058>0<004f>0<0047>0<0003>0<0045>0<0048>0<0003>0<0044>0<0045>0<004f>0<0048>0<0003>0<0057>0<0052>0<0003>0<0056>0<0058>0<0045>0<0050>0<004c>0<0057>0<0003>0<0054>0<0058>0<004c>0<0046>0<004e>0<0003>0<0055>20<0048>0<0053>0<0052>0<0055>0<0057>0<0056>0<0011>0] TJ
1 0 0 -1 104 577.53625 Tm
[<0035>0<0048>0<0053>0<0052>0<0055>0<0057>0<0003>0<0052>0<0053>0<0057>0<004c>0<0052>0<0051>0<0056>0<001d>0] TJ
1 0 0 -1 144 615.53625 Tm
[<0036>0<0057>0<004c>0<004f>0<004f>0<0003>0<0032>0<0053>0<0048>0<0051>0] TJ
1 0 0 -1 144 633.53625 Tm
[<0026>0<004f>0<0052>0<0056>0<0048>0<0047>0] TJ
1 0 0 -1 144 651.53625 Tm
[<003a>20<0052>0<0055>0<0057>0<004b>0<0003>0<0057>0<004b>0<0048>0<0003>0<0036>0<0057>0<0052>0<0053>0] TJ
1 0 0 -1 144 669.53625 Tm
[<0033>0<004c>0<0046>0<004e>0<0048>0<0047>0<0003>0<0032>0<0059>0<0048>0<0055>0] TJ
1 0 0 -1 144 687.53625 Tm
[<0030>0<0052>0<0056>0<0057>0<004f>0<005c>0<0003>0<0037>69<0052>0<0052>0<004f>0<0056>0] TJ
1 0 0 -1 144 705.53625 Tm
[<0030>0<0052>0<0056>0<0057>0<004f>0<005c>0<0003>0<0029>0<0058>0<0055>0<0051>0<004c>0<0057>0<0058>0<0055>20<0048>0] TJ
1 0 0 -1 144 723.53625 Tm
[<0030>0<0052>0<0056>0<0057>0<004f>0<005c>0<0003>0<0025>0<0044>0<0045>20<005c>0<0003>0<002c>0<0057>0<0048>0<0050>0<0056>0] TJ
1 0 0 -1 144 741.53625 Tm
[<0030>0<0052>0<0056>0<0057>0<004f>0<005c>0<0003>0<0028>0<004f>0<0048>0<0046>0<0057>0<0055>20<0052>0<0051>0<004c>0<0046>0<0056>0] TJ
1 0 0 -1 144 759.53625 Tm
[<0030>0<0052>0<0056>0<0057>0<004f>0<005c>0<0003>0<0026>0<0052>0<004f>0<004f>0<0048>0<0046>0<0057>0<004c>0<0045>0<004f>0<0048>0<0056>0] TJ
1 0 0 -1 144 777.53625 Tm
[<0028>0<0044>0<0056>0<005c>0<0003>0<0033>0<0044>0<0055>0<004e>0<004c>0<0051>0<004a>0] TJ
1 0 0 -1 144 795.53625 Tm
[<0026>0<0044>0<0056>0<004b>0<0003>0<0032>0<0051>0<004f>0<005c>0] TJ
1 0 0 -1 144 813.53625 Tm
[<0024>0<0046>0<0046>0<0048>0<0053>0<0057>0<0056>0<0003>0<0039>20<0048>0<0051>0<0050>0<0052>0] TJ
1 0 0 -1 104 843.53625 Tm
[<0028>0<0044>0<0046>0<004b>0<0003>0<0055>20<0048>0<0053>0<0052>0<0055>0<0057>0<0003>0<0056>0<004b>0<0052>0<0058>0<004f>0<0047>0<0003>0<004c>0<0051>0<0046>0<004f>0<0058>0<0047>0<0048>0<001d>0] TJ
1 0 0 -1 144 881.53625 Tm
[<0058>0<0056>0<0048>0<0055>0<0042>0<004c>0<0047>0] TJ
1 0 0 -1 144 899.53625 Tm
[<0056>0<0044>0<004f>0<0048>0<0042>0<004c>0<0047>0] TJ
1 0 0 -1 144 917.53625 Tm
[<0055>20<0048>0<0053>0<0052>0<0055>0<0057>0<0042>0<0057>0<005c>0<0053>0<0048>0] TJ
1 0 0 -1 144 935.53625 Tm
[<0052>0<0053>0<0057>0<004c>0<0052>0<0051>0<0044>0<004f>0<0003>0<0046>0<0052>0<0050>0<0050>0<0048>0<0051>0<0057>0] TJ
1 0 0 -1 144 953.53625 Tm
[<0057>0<004c>0<0050>0<0048>0<0056>0<0057>0<0044>0<0050>0<0053>0] TJ
1 0 0 -1 136.368164 210.59625 Tm
1 0 0 -1 136.368164 228.59625 Tm
1 0 0 -1 136.368164 246.59625 Tm
1 0 0 -1 136.368164 264.59625 Tm
1 0 0 -1 136.368164 282.59625 Tm
1 0 0 -1 136.368164 300.59625 Tm
1 0 0 -1 136.368164 318.59625 Tm
1 0 0 -1 136.368164 336.59625 Tm
1 0 0 -1 136.368164 354.59625 Tm
1 0 0 -1 136.368164 372.59625 Tm
1 0 0 -1 136.368164 390.59625 Tm
1 0 0 -1 136.368164 408.59625 Tm
1 0 0 -1 136.368164 615.53625 Tm
1 0 0 -1 136.368164 633.53625 Tm
1 0 0 -1 136.368164 651.53625 Tm
1 0 0 -1 136.368164 669.53625 Tm
1 0 0 -1 136.368164 687.53625 Tm
1 0 0 -1 136.368164 705.53625 Tm
1 0 0 -1 136.368164 723.53625 Tm
1 0 0 -1 136.368164 741.53625 Tm
1 0 0 -1 136.368164 759.53625 Tm
1 0 0 -1 136.368164 777.53625 Tm
1 0 0 -1 136.368164 795.53625 Tm
1 0 0 -1 136.368164 813.53625 Tm
1 0 0 -1 136.368164 881.53625 Tm
1 0 0 -1 136.368164 899.53625 Tm
1 0 0 -1 136.368164 917.53625 Tm
1 0 0 -1 136.368164 935.53625 Tm
1 0 0 -1 136.368164 953.53625 Tm
[<0017>0] TJ
712 306 m
104 306 l
104 307 l
712 307 l
104 307 608 0 re
104 306 608 1 re
712 584.94 m
104 584.94 l
104 585.94 l
712 585.94 l
104 585.94 608 0 re
104 584.94 608 1 re
712 863.88 m
104 863.88 l
104 864.88 l
712 864.88 l
104 864.88 608 0 re
104 863.88 608 1 re
[<0058>0<0056>0<0048>0<0055>0<0003>0<004f>0<0052>0<0046>0<0044>0<0057>0<004c>0<0052>0<0051>0<0003>0<004c>0<0049>0<0003>0<0053>0<0048>0<0055>0<0050>0<004c>0<0056>0<0056>0<004c>0<0052>0<0051>0<0003>0<004c>0<0056>0<0003>0<004a>0<0055>20<0044>0<0051>0<0057>0<0048>0<0047>0] TJ
1 0 0 -1 104 139.65625 Tm
[<003a>0<004b>0<0048>0<0051>0<0003>0<0044>0<0003>0<0058>0<0056>0<0048>0<0055>0<0003>0<0055>20<0048>0<0053>0<0052>0<0055>0<0057>0<0056>0<0003>0<0005>0<0036>0<0057>0<004c>0<004f>0<004f>0<0003>0<0032>0<0053>0<0048>0<0051>10<0005>0<001d>0] TJ
1 0 0 -1 144 177.65625 Tm
[<0038>0<0053>0<0047>0<0044>0<0057>0<0048>0<0003>0<004f>0<0044>0<0056>0<0057>0<0042>0<0059>0<0048>0<0055>0<004c>0<07af>0<0048>0<0047>0<0042>0<0044>0<0057>0] TJ
[<002e>0<0048>0<0048>0<0053>0<0003>0<004f>0<004c>0<0056>0<0057>0<004c>0<0051>0<004a>0<0003>0<0044>0<0046>0<0057>0<004c>0<0059>0<0048>0] TJ
1 0 0 -1 104 225.65625 Tm
[<003a>0<004b>0<0048>0<0051>0<0003>0<0058>0<0056>0<0048>0<0055>0<0056>0<0003>0<0055>20<0048>0<0053>0<0052>0<0055>0<0057>0<0003>0<0005>0<0026>0<004f>0<0052>0<0056>0<0048>0<0047>0<0005>0<001d>0] TJ
1 0 0 -1 144 263.65625 Tm
[<002c>0<0051>0<0046>0<0055>20<0048>0<0050>0<0048>0<0051>0<0057>0<0003>0<0046>0<004f>0<0052>0<0056>0<0048>0<0047>0<0003>0<0055>20<0048>0<0053>0<0052>0<0055>0<0057>0<0003>0<0046>0<0052>0<0058>0<0051>0<0057>0] TJ
1 0 0 -1 144 281.65625 Tm
[<002c>0<0049>0<0003>0<0015>0<0003>0<0052>0<0055>0<0003>0<0050>0<0052>0<0055>20<0048>0<0003>0<0058>0<0051>0<004c>0<0054>0<0058>0<0048>0<0003>0<0058>0<0056>0<0048>0<0055>0<0056>0<0003>0<0055>20<0048>0<0053>0<0052>0<0055>0<0057>0<0003>0<0026>0<004f>0<0052>0<0056>0<0048>0<0047>0<000f>0<0003>0<0050>0<0044>0<0055>0<004e>0<0003>0<0057>0<004b>0<0048>0<0003>0<004f>0<004c>0<0056>0<0057>0<004c>0<0051>0<004a>0<0003>0<004c>0<0051>0<0044>0<0046>0<0057>0<004c>0<0059>0<0048>0] TJ
1 0 0 -1 104 347.483887 Tm
1 0 0 -1 104 382.59625 Tm
[<0038>0<0056>0<0048>0<0055>0<0056>0<0003>0<0046>0<0044>0<0051>0<0003>0<0046>0<0052>0<0050>0<0050>0<0048>0<0051>0<0057>0<0003>0<0052>0<0051>0<0003>0<004f>0<004c>0<0056>0<0057>0<004c>0<0051>0<004a>0<0056>0<0011>0] TJ
1 0 0 -1 104 420.59625 Tm
[<0028>0<005b>0<0044>0<0050>0<0053>0<004f>0<0048>0<0056>0<001d>0] TJ
1 0 0 -1 144 458.59625 Tm
[<0005>0<0036>0<0057>0<004c>0<004f>0<004f>0<0003>0<004a>0<0052>0<004c>0<0051>0<004a>0<0003>0<0056>0<0057>0<0055>20<0052>0<0051>0<004a>0<0011>0<0005>0] TJ
1 0 0 -1 144 476.59625 Tm
[<0005>0<0030>0<0052>0<0056>0<0057>0<004f>0<005c>0<0003>0<004e>0<004c>0<0047>0<0056>0<0003>0<0046>0<004f>0<0052>0<0057>0<004b>0<0048>0<0056>0<0011>0<0005>0] TJ
1 0 0 -1 144 494.59625 Tm
[<0005>0<002f>0<0052>0<0057>0<0056>0<0003>0<0052>0<0049>0<0003>0<0057>0<0052>0<0052>0<004f>0<0056>0<0003>0<004c>0<0051>0<0003>0<0057>0<004b>0<0048>0<0003>0<004a>0<0044>0<0055>20<0044>0<004a>0<0048>0<0011>0<0005>0] TJ
1 0 0 -1 144 512.59625 Tm
[<0005>0<002f>0<0052>0<0052>0<004e>0<0056>0<0003>0<0053>0<004c>0<0046>0<004e>0<0048>0<0047>0<0003>0<0052>20<0059>0<0048>0<0055>0<0003>0<0051>0<0052>20<005a>40<0011>0<0005>0] TJ
1 0 0 -1 144 530.59625 Tm
[<0005>0<0032>0<005a>0<0051>0<0048>0<0055>0<0003>0<0056>0<0044>0<004c>0<0047>0<0003>0<0057>0<004b>0<0048>20<005c>0<0003>0<0044>0<0055>20<0048>0<0003>0<0046>0<004f>0<0052>0<0056>0<004c>0<0051>0<004a>0<0003>0<0044>0<0057>0<0003>0<0015>0<0011>0<0005>0] TJ
1 0 0 -1 104 560.59625 Tm
[<0026>0<0052>0<0050>0<0050>0<0048>0<0051>0<0057>0<0056>0<0003>0<0056>0<004b>0<0052>0<0058>0<004f>0<0047>0<0003>0<0045>0<0048>0<0003>0<0056>0<004b>0<0052>20<005a>0<0051>0<0003>0<004c>0<0051>0<0003>0<0046>0<004b>0<0055>20<0052>0<0051>0<0052>0<004f>0<0052>0<004a>0<004c>0<0046>0<0044>0<004f>0<0003>0<0052>0<0055>20<0047>0<0048>0<0055>159<000f>0<0003>0<0051>0<0048>20<005a>0<0048>0<0056>0<0057>0<0003>0<07af>0<0055>0<0056>0<0057>0<0011>0] TJ
1 0 0 -1 104 626.423887 Tm
[<002f>0<004c>0<0056>0<0057>0<004c>0<0051>0<004a>0<0003>0<0028>0<005b>0<0053>0<004c>0<0055>20<0044>0<0057>0<004c>0<0052>0<0051>0<0003>0<002f>0<0052>0<004a>0<004c>0<0046>0] TJ
1 0 0 -1 104 661.53625 Tm
[<002f>0<004c>0<0056>0<0057>0<004c>0<0051>0<004a>0<0056>0<0003>0<0056>0<004b>0<0052>0<0058>0<004f>0<0047>0<0003>0<0048>20<005b>0<0053>0<004c>0<0055>20<0048>0<0003>0<0044>0<0058>0<0057>0<0052>0<0050>0<0044>0<0057>0<004c>0<0046>0<0044>0<004f>0<004f>0<005c>40<0011>0] TJ
1 0 0 -1 104 699.53625 Tm
[<0035>0<0058>0<004f>0<0048>0<0056>0<001d>0] TJ
1 0 0 -1 144 737.53625 Tm
[<0024>0<0003>0<004f>0<004c>0<0056>0<0057>0<004c>0<0051>0<004a>0<0003>0<0048>20<005b>0<0053>0<004c>0<0055>20<0048>0<0056>0<0003>0<0017>0<001b>0<0003>0<004b>0<0052>0<0058>0<0055>0<0056>0<0003>0<0044>0<0049>0<0057>0<0048>0<0055>0<0003>0<0046>0<0055>20<0048>0<0044>0<0057>0<0048>0<0047>0<0042>0<0044>0<0057>0<0003>0<0045>20<005c>0<0003>0<0047>0<0048>0<0049>0<0044>0<0058>0<004f>0<0057>0<0011>0] TJ
1 0 0 -1 144 755.53625 Tm
[<0024>0<0003>0<004f>0<004c>0<0056>0<0057>0<004c>0<0051>0<004a>0<0003>0<0044>0<004f>0<0056>0<0052>0<0003>0<0048>20<005b>0<0053>0<004c>0<0055>20<0048>0<0056>0<0003>0<004c>0<0049>0<0003>0<004c>0<0057>0<0003>0<004b>0<0044>0<0056>0<0003>0<0051>0<0052>0<0057>0<0003>0<0055>20<0048>0<0046>0<0048>0<004c>0<0059>0<0048>0<0047>0<0003>0<0044>0<0003>0<0005>0<0036>0<0057>0<004c>0<004f>0<004f>0<0003>0<0032>0<0053>0<0048>0<0051>10<0005>0<0003>0<0059>0<0048>0<0055>0<004c>0<07af>0<0046>0<0044>0<0057>0<004c>0<0052>0<0051>0<0003>0<004c>0<0051>0<0003>0<0057>0<004b>0<0048>0<0003>0<0053>0<0044>0<0056>0<0057>0<0003>0<0015>0<0017>0<0003>0<004b>0<0052>0<0058>0<0055>0<0056>0<0011>0] TJ
1 0 0 -1 144 773.53625 Tm
[<0024>0<0003>0<004f>0<004c>0<0056>0<0057>0<004c>0<0051>0<004a>0<0003>0<0046>0<004f>0<0052>0<0056>0<0048>0<0056>0<0003>0<0048>0<0044>0<0055>0<004f>0<005c>0<0003>0<004c>0<0049>0<0003>0<0015>0<0003>0<0052>0<0055>0<0003>0<0050>0<0052>0<0055>20<0048>0<0003>0<0058>0<0051>0<004c>0<0054>0<0058>0<0048>0<0003>0<0058>0<0056>0<0048>0<0055>0<0056>0<0003>0<0050>0<0044>0<0055>0<004e>0<0003>0<004c>0<0057>0<0003>0<0044>0<0056>0<0003>0<0026>0<004f>0<0052>0<0056>0<0048>0<0047>0<0011>0] TJ
1 0 0 -1 144 791.53625 Tm
[<0028>0<005b>0<0053>0<004c>0<0055>20<0048>0<0047>0<0003>0<0052>0<0055>0<0003>0<0046>0<004f>0<0052>0<0056>0<0048>0<0047>0<0003>0<004f>0<004c>0<0056>0<0057>0<004c>0<0051>0<004a>0<0056>0<0003>0<0056>0<004b>0<0052>0<0058>0<004f>0<0047>0<0003>0<0051>0<0052>0<0057>0<0003>0<0044>0<0053>0<0053>0<0048>0<0044>0<0055>0<0003>0<0052>0<0051>0<0003>0<0057>0<004b>0<0048>0<0003>0<0050>0<0044>0<004c>0<0051>0<0003>0<0050>0<0044>0<0053>0<0011>0] TJ
1 0 0 -1 144 809.53625 Tm
[<0028>0<005b>0<0053>0<004c>0<0055>20<0048>0<0047>0<0003>0<004f>0<004c>0<0056>0<0057>0<004c>0<0051>0<004a>0<0056>0<0003>0<0050>0<0044>0<005c>0<0003>0<0055>20<0048>0<0050>0<0044>0<004c>0<0051>0<0003>0<004c>0<0051>0<0003>0<0057>0<004b>0<0048>0<0003>0<0047>0<0044>0<0057>0<0044>0<0045>0<0044>0<0056>0<0048>0<0003>0<0049>0<0052>0<0055>0<0003>0<004b>0<004c>0<0056>0<0057>0<0052>0<0055>0<005c>0<0003>0<0044>0<0051>0<0047>0<0003>0<0044>0<0051>0<0044>0<004f>0<005c>0<0057>0<004c>0<0046>0<0056>0<0011>0] TJ
1 0 0 -1 104 839.53625 Tm
[<0026>0<0055>20<0048>0<0044>0<0057>0<0048>0<0003>0<0044>0<0003>0<0056>0<0046>0<004b>0<0048>0<0047>0<0058>0<004f>0<0048>0<0047>0<0003>0<004d>0<0052>0<0045>0<0003>0<0052>0<0055>0<0003>0<0045>0<0044>0<0046>0<004e>0<0048>0<0051>0<0047>0<0003>0<0049>0<0058>0<0051>0<0046>0<0057>0<004c>0<0052>0<0051>0<0003>0<0057>0<0052>0<0003>0<0050>0<0044>0<0055>0<004e>0<0003>0<0056>0<0057>0<0044>0<004f>0<0048>0<0003>0<004f>0<004c>0<0056>0<0057>0<004c>0<0051>0<004a>0<0056>0<0003>0<004c>0<0051>0<0044>0<0046>0<0057>0<004c>0<0059>0<0048>0<0011>0] TJ
1 0 0 -1 104 905.363887 Tm
[<0029>0<0044>0<0059>0<0052>0<0055>0<004c>0<0057>0<0048>0<0056>0] TJ
1 0 0 -1 104 940.47625 Tm
[<0038>0<0056>0<0048>0<0055>0<0056>0<0003>0<0046>0<0044>0<0051>0<0003>0<0056>0<0044>0<0059>0<0048>0<0003>0<004f>0<004c>0<0056>0<0057>0<004c>0<0051>0<004a>0<0056>0<0011>0] TJ
1 0 0 -1 136.368164 177.65625 Tm
1 0 0 -1 136.368164 195.65625 Tm
1 0 0 -1 136.368164 263.65625 Tm
1 0 0 -1 136.368164 281.65625 Tm
1 0 0 -1 136.368164 458.59625 Tm
1 0 0 -1 136.368164 476.59625 Tm
1 0 0 -1 136.368164 494.59625 Tm
1 0 0 -1 136.368164 512.59625 Tm
1 0 0 -1 136.368164 530.59625 Tm
1 0 0 -1 130.799805 737.53625 Tm
1 0 0 -1 130.799805 755.53625 Tm
1 0 0 -1 130.799805 773.53625 Tm
1 0 0 -1 130.799805 791.53625 Tm
1 0 0 -1 130.799805 809.53625 Tm
[<0018>0] TJ
712 208 m
104 208 l
104 209 l
712 209 l
104 209 608 0 re
104 208 608 1 re
712 527.02 m
104 527.02 l
104 528.02 l
712 528.02 l
104 528.02 608 0 re
104 527.02 608 1 re
1 0 0 -1 104 109.65625 Tm
1 0 0 -1 144 147.65625 Tm
[<0029>0<0044>0<0059>0<0052>0<0055>0<004c>0<0057>0<0048>0<0003>0<0045>0<0058>0<0057>0<0057>0<0052>0<0051>0] TJ
1 0 0 -1 144 165.65625 Tm
[<0036>0<0044>0<0059>0<0048>0<0047>0<0003>0<004f>0<004c>0<0056>0<0057>0<004c>0<0051>0<004a>0<0056>0<0003>0<0056>0<0046>0<0055>20<0048>0<0048>0<0051>0] TJ
1 0 0 -1 144 183.65625 Tm
[<0035>0<0048>0<0050>0<0052>20<0059>0<0048>0<0003>0<0049>0<0044>0<0059>0<0052>0<0055>0<004c>0<0057>0<0048>0] TJ
1 0 0 -1 104 256.312012 Tm
[<0027>0<0044>0<0057>0<0044>0<0045>0<0044>0<0056>0<0048>0<0003>0<0036>0<0046>0<004b>0<0048>0<0050>0<0044>0] TJ
1 0 0 -1 104 294.73625 Tm
[<0026>0<0055>20<0048>0<0044>0<0057>0<0048>0<0003>0<0057>0<004b>0<0048>0<0056>0<0048>0<0003>0<0057>0<0044>0<0045>0<004f>0<0048>0<0056>0<001d>0] TJ
1 0 0 -1 104 339.563887 Tm
[<0053>0<0055>20<0052>0<07af>0<004f>0<0048>0<0056>0] TJ
1 0 0 -1 104 374.67625 Tm
[<0029>0<004c>0<0048>0<004f>0<0047>0<0056>0<001d>0] TJ
1 0 0 -1 144 412.67625 Tm
[<004c>0<0047>0<0003>0<0058>0<0058>0<004c>0<0047>0<0003>0<0053>0<0055>0<004c>0<0050>0<0044>0<0055>0<005c>0<0003>0<004e>0<0048>20<005c>0<0003>0<0055>20<0048>0<0049>0<0048>0<0055>20<0048>0<0051>0<0046>0<0048>0<0056>0<0003>0<0044>0<0058>0<0057>0<004b>0<0011>0<0058>0<0056>0<0048>0<0055>0<0056>0] TJ
1 0 0 -1 144 430.67625 Tm
[<0058>0<0056>0<0048>0<0055>0<0051>0<0044>0<0050>0<0048>0<0003>0<0057>0<0048>20<005b>0<0057>0] TJ
1 0 0 -1 144 448.67625 Tm
[<0047>0<004c>0<0056>0<0053>0<004f>0<0044>0<005c>0<0042>0<0051>0<0044>0<0050>0<0048>0<0003>0<0057>0<0048>20<005b>0<0057>0] TJ
1 0 0 -1 144 466.67625 Tm
[<0044>0<0059>0<0044>0<0057>0<0044>0<0055>0<0042>0<0058>0<0055>0<004f>0<0003>0<0057>0<0048>20<005b>0<0057>0] TJ
1 0 0 -1 144 484.67625 Tm
[<0046>0<0055>20<0048>0<0044>0<0057>0<0048>0<0047>0<0042>0<0044>0<0057>0<0003>0<0057>0<004c>0<0050>0<0048>0<0056>0<0057>0<0044>0<0050>0<0053>0] TJ
1 0 0 -1 144 502.67625 Tm
[<0058>0<0053>0<0047>0<0044>0<0057>0<0048>0<0047>0<0042>0<0044>0<0057>0<0003>0<0057>0<004c>0<0050>0<0048>0<0056>0<0057>0<0044>0<0050>0<0053>0] TJ
1 0 0 -1 104 568.503887 Tm
[<0056>0<0044>0<004f>0<0048>0<0056>0] TJ
1 0 0 -1 104 603.61625 Tm
1 0 0 -1 144 641.61625 Tm
[<004c>0<0047>0<0003>0<0058>0<0058>0<004c>0<0047>0<0003>0<0053>0<0055>0<004c>0<0050>0<0044>0<0055>0<005c>0<0003>0<004e>0<0048>20<005c>0] TJ
1 0 0 -1 144 659.61625 Tm
[<0046>0<0055>20<0048>0<0044>0<0057>0<0048>0<0047>0<0042>0<0045>20<005c>0<0003>0<0058>0<0058>0<004c>0<0047>0<0003>0<0055>20<0048>0<0049>0<0048>0<0055>20<0048>0<0051>0<0046>0<0048>0<0056>0<0003>0<0053>0<0055>20<0052>0<07af>0<004f>0<0048>0<0056>0<000b>0<004c>0<0047>0<000c>0] TJ
1 0 0 -1 144 677.61625 Tm
[<0057>0<004c>0<0057>0<004f>0<0048>0<0003>0<0057>0<0048>20<005b>0<0057>0] TJ
1 0 0 -1 144 695.61625 Tm
[<0047>0<0048>0<0056>0<0046>0<0055>0<004c>0<0053>0<0057>0<004c>0<0052>0<0051>0<0003>0<0057>0<0048>20<005b>0<0057>0] TJ
1 0 0 -1 144 713.61625 Tm
[<0053>0<004b>0<0052>0<0057>0<0052>0<0042>0<0058>0<0055>0<004f>0<0003>0<0057>0<0048>20<005b>0<0057>0] TJ
1 0 0 -1 144 731.61625 Tm
[<004f>0<0044>0<0057>0<004c>0<0057>0<0058>0<0047>0<0048>0<0003>0<0047>0<0052>0<0058>0<0045>0<004f>0<0048>0<0003>0<0053>0<0055>20<0048>0<0046>0<004c>0<0056>0<004c>0<0052>0<0051>0] TJ
1 0 0 -1 144 749.61625 Tm
[<004f>0<0052>0<0051>0<004a>0<004c>0<0057>0<0058>0<0047>0<0048>0<0003>0<0047>0<0052>0<0058>0<0045>0<004f>0<0048>0<0003>0<0053>0<0055>20<0048>0<0046>0<004c>0<0056>0<004c>0<0052>0<0051>0] TJ
1 0 0 -1 144 767.61625 Tm
[<0044>0<0053>0<0053>0<0055>20<0052>20<005b>0<004c>0<0050>0<0044>0<0057>0<0048>0<0042>0<0044>0<0047>0<0047>0<0055>20<0048>0<0056>0<0056>0<0003>0<0057>0<0048>20<005b>0<0057>0] TJ
1 0 0 -1 144 785.61625 Tm
[<0056>0<0057>0<0044>0<0057>0<0058>0<0056>0<0003>0<0057>0<0048>20<005b>0<0057>0<0003>0<0047>0<0048>0<0049>0<0044>0<0058>0<004f>0<0057>0<0003>0<000a>40<0044>0<0046>0<0057>0<004c>0<0059>0<0048>10<000a>0] TJ
1 0 0 -1 144 803.61625 Tm
[<0046>0<0044>0<0057>0<0048>0<004a>0<0052>0<0055>0<004c>0<0048>0<0056>0<0003>0<0057>0<0048>20<005b>0<0057>0<003e>0<0040>0] TJ
1 0 0 -1 144 821.61625 Tm
1 0 0 -1 144 839.61625 Tm
1 0 0 -1 144 857.61625 Tm
[<004f>0<0044>0<0056>0<0057>0<0042>0<0059>0<0048>0<0055>0<004c>0<07af>0<0048>0<0047>0<0042>0<0044>0<0057>0<0003>0<0057>0<004c>0<0050>0<0048>0<0056>0<0057>0<0044>0<0050>0<0053>0] TJ
1 0 0 -1 144 875.61625 Tm
[<0048>20<005b>0<0053>0<004c>0<0055>20<0048>0<0056>0<0042>0<0044>0<0057>0<0003>0<0057>0<004c>0<0050>0<0048>0<0056>0<0057>0<0044>0<0050>0<0053>0] TJ
1 0 0 -1 144 893.61625 Tm
[<0046>0<004f>0<0052>0<0056>0<0048>0<0047>0<0042>0<0055>20<0048>0<0053>0<0052>0<0055>0<0057>0<0042>0<0046>0<0052>0<0058>0<0051>0<0057>0<0003>0<004c>0<0051>0<0057>0<0048>0<004a>0<0048>0<0055>0<0003>0<0047>0<0048>0<0049>0<0044>0<0058>0<004f>0<0057>0<0003>0<0013>0] TJ
1 0 0 -1 144 911.61625 Tm
[<0056>0<0052>0<0058>0<0055>20<0046>0<0048>0<0003>0<0057>0<0048>20<005b>0<0057>0<0003>0<0047>0<0048>0<0049>0<0044>0<0058>0<004f>0<0057>0<0003>0<000a>59<0046>0<0055>20<0052>20<005a>0<0047>0<0056>0<0052>0<0058>0<0055>20<0046>0<0048>0<0047>0<000a>0] TJ
1 0 0 -1 136.368164 147.65625 Tm
1 0 0 -1 136.368164 165.65625 Tm
1 0 0 -1 136.368164 183.65625 Tm
1 0 0 -1 136.368164 412.67625 Tm
1 0 0 -1 136.368164 430.67625 Tm
1 0 0 -1 136.368164 448.67625 Tm
1 0 0 -1 136.368164 466.67625 Tm
1 0 0 -1 136.368164 484.67625 Tm
1 0 0 -1 136.368164 502.67625 Tm
1 0 0 -1 136.368164 641.61625 Tm
1 0 0 -1 136.368164 659.61625 Tm
1 0 0 -1 136.368164 677.61625 Tm
1 0 0 -1 136.368164 695.61625 Tm
1 0 0 -1 136.368164 713.61625 Tm
1 0 0 -1 136.368164 731.61625 Tm
1 0 0 -1 136.368164 749.61625 Tm
1 0 0 -1 136.368164 767.61625 Tm
1 0 0 -1 136.368164 785.61625 Tm
1 0 0 -1 136.368164 803.61625 Tm
1 0 0 -1 136.368164 821.61625 Tm
1 0 0 -1 136.368164 839.61625 Tm
1 0 0 -1 136.368164 857.61625 Tm
1 0 0 -1 136.368164 875.61625 Tm
1 0 0 -1 136.368164 893.61625 Tm
1 0 0 -1 136.368164 911.61625 Tm
[<0019>0] TJ
712 226 m
104 226 l
104 227 l
712 227 l
104 227 608 0 re
104 226 608 1 re
712 756.94 m
104 756.94 l
104 757.94 l
712 757.94 l
104 757.94 608 0 re
104 756.94 608 1 re
[<0024>0<004f>0<004f>0<0052>20<005a>0<0048>0<0047>0<0003>0<0056>0<0057>0<0044>0<0057>0<0058>0<0056>0<0003>0<0059>0<0044>0<004f>0<0058>0<0048>0<0056>0<001d>0] TJ
[<0044>0<0046>0<0057>0<004c>0<0059>0<0048>0] TJ
[<0046>0<004f>0<0052>0<0056>0<0048>0<0047>0] TJ
[<0048>20<005b>0<0053>0<004c>0<0055>20<0048>0<0047>0] TJ
1 0 0 -1 144 201.65625 Tm
[<07b0>0<0044>0<004a>0<004a>0<0048>0<0047>0] TJ
1 0 0 -1 104 267.483887 Tm
[<0056>0<0044>0<004f>0<0048>0<0042>0<0055>20<0048>0<0053>0<0052>0<0055>0<0057>0<0056>0] TJ
1 0 0 -1 104 302.59625 Tm
1 0 0 -1 144 340.59625 Tm
1 0 0 -1 144 358.59625 Tm
[<0056>0<0044>0<004f>0<0048>0<0042>0<004c>0<0047>0<0003>0<0058>0<0058>0<004c>0<0047>0<0003>0<0055>20<0048>0<0049>0<0048>0<0055>20<0048>0<0051>0<0046>0<0048>0<0056>0<0003>0<0056>0<0044>0<004f>0<0048>0<0056>0<000b>0<004c>0<0047>0<000c>0] TJ
1 0 0 -1 144 376.59625 Tm
[<0058>0<0056>0<0048>0<0055>0<0042>0<004c>0<0047>0<0003>0<0058>0<0058>0<004c>0<0047>0<0003>0<0055>20<0048>0<0049>0<0048>0<0055>20<0048>0<0051>0<0046>0<0048>0<0056>0<0003>0<0053>0<0055>20<0052>0<07af>0<004f>0<0048>0<0056>0<000b>0<004c>0<0047>0<000c>0] TJ
1 0 0 -1 144 394.59625 Tm
[<0055>20<0048>0<0053>0<0052>0<0055>0<0057>0<0042>0<0057>0<005c>0<0053>0<0048>0<0003>0<0057>0<0048>20<005b>0<0057>0] TJ
1 0 0 -1 144 412.59625 Tm
[<0046>0<0052>0<0050>0<0050>0<0048>0<0051>0<0057>0<0003>0<0057>0<0048>20<005b>0<0057>0] TJ
1 0 0 -1 144 430.59625 Tm
1 0 0 -1 144 448.59625 Tm
1 0 0 -1 144 466.59625 Tm
1 0 0 -1 104 496.59625 Tm
[<0024>0<004f>0<004f>0<0052>20<005a>0<0048>0<0047>0<0003>0<0055>20<0048>0<0053>0<0052>0<0055>0<0057>0<0042>0<0057>0<005c>0<0053>0<0048>0<0003>0<0059>0<0044>0<004f>0<0058>0<0048>0<0056>0<001d>0] TJ
1 0 0 -1 144 534.59625 Tm
[<0056>0<0057>0<004c>0<004f>0<004f>0<0042>0<0052>0<0053>0<0048>0<0051>0] TJ
1 0 0 -1 144 552.59625 Tm
1 0 0 -1 144 570.59625 Tm
[<005a>0<0052>0<0055>0<0057>0<004b>0<0042>0<0057>0<004b>0<0048>0<0042>0<0056>0<0057>0<0052>0<0053>0] TJ
1 0 0 -1 144 588.59625 Tm
[<0053>0<004c>0<0046>0<004e>0<0048>0<0047>0<0042>0<0052>20<0059>0<0048>0<0055>0] TJ
1 0 0 -1 144 606.59625 Tm
[<0050>0<0052>0<0056>0<0057>0<004f>0<005c>0<0042>0<0057>0<0052>0<0052>0<004f>0<0056>0] TJ
1 0 0 -1 144 624.59625 Tm
[<0050>0<0052>0<0056>0<0057>0<004f>0<005c>0<0042>0<0049>0<0058>0<0055>0<0051>0<004c>0<0057>0<0058>0<0055>20<0048>0] TJ
1 0 0 -1 144 642.59625 Tm
[<0050>0<0052>0<0056>0<0057>0<004f>0<005c>0<0042>0<0045>0<0044>0<0045>20<005c>0<0042>0<004c>0<0057>0<0048>0<0050>0<0056>0] TJ
1 0 0 -1 144 660.59625 Tm
[<0050>0<0052>0<0056>0<0057>0<004f>0<005c>0<0042>0<0048>0<004f>0<0048>0<0046>0<0057>0<0055>20<0052>0<0051>0<004c>0<0046>0<0056>0] TJ
1 0 0 -1 144 678.59625 Tm
[<0050>0<0052>0<0056>0<0057>0<004f>0<005c>0<0042>0<0046>0<0052>0<004f>0<004f>0<0048>0<0046>0<0057>0<004c>0<0045>0<004f>0<0048>0<0056>0] TJ
1 0 0 -1 144 696.59625 Tm
[<0048>0<0044>0<0056>0<005c>0<0042>0<0053>0<0044>0<0055>0<004e>0<004c>0<0051>0<004a>0] TJ
1 0 0 -1 144 714.59625 Tm
[<0046>0<0044>0<0056>0<004b>0<0042>0<0052>0<0051>0<004f>0<005c>0] TJ
1 0 0 -1 144 732.59625 Tm
[<0044>0<0046>0<0046>0<0048>0<0053>0<0057>0<0056>0<0042>0<0059>0<0048>0<0051>0<0050>0<0052>0] TJ
1 0 0 -1 104 798.423887 Tm
[<0056>0<0044>0<004f>0<0048>0<0042>0<0046>0<0052>0<0050>0<0050>0<0048>0<0051>0<0057>0<0056>0] TJ
1 0 0 -1 104 833.53625 Tm
1 0 0 -1 144 871.53625 Tm
1 0 0 -1 144 889.53625 Tm
1 0 0 -1 144 907.53625 Tm
1 0 0 -1 144 925.53625 Tm
1 0 0 -1 144 943.53625 Tm
1 0 0 -1 136.368164 201.65625 Tm
1 0 0 -1 136.368164 340.59625 Tm
1 0 0 -1 136.368164 358.59625 Tm
1 0 0 -1 136.368164 376.59625 Tm
1 0 0 -1 136.368164 394.59625 Tm
1 0 0 -1 136.368164 412.59625 Tm
1 0 0 -1 136.368164 430.59625 Tm
1 0 0 -1 136.368164 448.59625 Tm
1 0 0 -1 136.368164 466.59625 Tm
1 0 0 -1 136.368164 534.59625 Tm
1 0 0 -1 136.368164 552.59625 Tm
1 0 0 -1 136.368164 570.59625 Tm
1 0 0 -1 136.368164 588.59625 Tm
1 0 0 -1 136.368164 606.59625 Tm
1 0 0 -1 136.368164 624.59625 Tm
1 0 0 -1 136.368164 642.59625 Tm
1 0 0 -1 136.368164 660.59625 Tm
1 0 0 -1 136.368164 678.59625 Tm
1 0 0 -1 136.368164 696.59625 Tm
1 0 0 -1 136.368164 714.59625 Tm
1 0 0 -1 136.368164 732.59625 Tm
1 0 0 -1 136.368164 871.53625 Tm
1 0 0 -1 136.368164 889.53625 Tm
1 0 0 -1 136.368164 907.53625 Tm
1 0 0 -1 136.368164 925.53625 Tm
1 0 0 -1 136.368164 943.53625 Tm
[<001a>0] TJ
712 318.94 m
104 318.94 l
104 319.94 l
712 319.94 l
104 319.94 608 0 re
104 318.94 608 1 re
712 529.88 m
104 529.88 l
104 530.88 l
712 530.88 l
104 530.88 608 0 re
104 529.88 608 1 re
712 786.96 m
104 786.96 l
104 787.96 l
712 787.96 l
104 787.96 608 0 re
104 786.96 608 1 re
[<0049>0<0044>0<0059>0<0052>0<0055>0<004c>0<0057>0<0048>0<0056>0] TJ
1 0 0 -1 104 294.59625 Tm
[<0026>0<0055>20<0048>0<0044>0<0057>0<0048>0<0003>0<0058>0<0051>0<004c>0<0054>0<0058>0<0048>0<0003>0<0046>0<0052>0<0051>0<0056>0<0057>0<0055>20<0044>0<004c>0<0051>0<0057>0<0003>0<0052>0<0051>0<0003>0<0058>0<0056>0<0048>0<0055>0<0042>0<004c>0<0047>0<0003>0<0044>0<0051>0<0047>0<0003>0<0056>0<0044>0<004f>0<0048>0<0042>0<004c>0<0047>0<0011>0] TJ
1 0 0 -1 104 360.423887 Tm
[<004f>0<004c>0<0056>0<0057>0<004c>0<0051>0<004a>0<0042>0<0053>0<004b>0<0052>0<0057>0<0052>0<0056>0] TJ
1 0 0 -1 104 395.53625 Tm
1 0 0 -1 144 433.53625 Tm
1 0 0 -1 144 451.53625 Tm
1 0 0 -1 144 469.53625 Tm
[<0058>0<0053>0<004f>0<0052>0<0044>0<0047>0<0048>0<0047>0<0042>0<0045>20<005c>0<0003>0<0058>0<0058>0<004c>0<0047>0<0003>0<0055>20<0048>0<0049>0<0048>0<0055>20<0048>0<0051>0<0046>0<0048>0<0056>0<0003>0<0053>0<0055>20<0052>0<07af>0<004f>0<0048>0<0056>0<000b>0<004c>0<0047>0<000c>0] TJ
1 0 0 -1 144 487.53625 Tm
1 0 0 -1 144 505.53625 Tm
1 0 0 -1 104 578.192012 Tm
[<0035>0<0048>0<0054>0<0058>0<004c>0<0055>20<0048>0<0047>0<0003>0<0036>0<0046>0<0055>20<0048>0<0048>0<0051>0<0056>0] TJ
1 0 0 -1 104 616.61625 Tm
[<0025>0<0058>0<004c>0<004f>0<0047>0<0003>0<0057>0<004b>0<0048>0<0056>0<0048>0<0003>0<0056>0<0046>0<0055>20<0048>0<0048>0<0051>0<0056>0<001d>0] TJ
1 0 0 -1 144 654.61625 Tm
[<0024>0<0058>0<0057>0<004b>0<0003>0<0036>0<0046>0<0055>20<0048>0<0048>0<0051>0] TJ
1 0 0 -1 144 672.61625 Tm
1 0 0 -1 144 690.61625 Tm
[<0026>0<0055>20<0048>0<0044>0<0057>0<0048>0<0003>0<002f>0<004c>0<0056>0<0057>0<004c>0<0051>0<004a>0<0003>0<0036>0<0046>0<0055>20<0048>0<0048>0<0051>0] TJ
1 0 0 -1 144 708.61625 Tm
1 0 0 -1 144 726.61625 Tm
[<0036>0<0044>0<0059>0<0048>0<0047>0<0003>0<002f>0<004c>0<0056>0<0057>0<004c>0<0051>0<004a>0<0056>0<0003>0<0036>0<0046>0<0055>20<0048>0<0048>0<0051>0] TJ
1 0 0 -1 144 744.61625 Tm
[<0033>0<0055>20<0052>0<07af>0<004f>0<0048>0<0003>0<0036>0<0046>0<0055>20<0048>0<0048>0<0051>0] TJ
1 0 0 -1 144 762.61625 Tm
[<0025>0<0044>0<0056>0<004c>0<0046>0<0003>0<0036>0<0048>0<0057>0<0057>0<004c>0<0051>0<004a>0<0056>0<0003>0<0036>0<0046>0<0055>20<0048>0<0048>0<0051>0] TJ
1 0 0 -1 104 835.272012 Tm
[<0031>0<0044>0<0059>0<004c>0<004a>0<0044>0<0057>0<004c>0<0052>0<0051>0] TJ
1 0 0 -1 104 873.69625 Tm
[<0038>0<0056>0<0048>0<0003>0<0044>0<0003>0<0056>0<004c>0<0050>0<0053>0<004f>0<0048>0<0003>0<0057>0<0044>0<0045>0<0003>0<0056>0<0057>0<0055>0<0058>0<0046>0<0057>0<0058>0<0055>20<0048>0<001d>0] TJ
1 0 0 -1 144 911.69625 Tm
[<0030>0<0044>0<0053>0] TJ
1 0 0 -1 144 929.69625 Tm
1 0 0 -1 144 947.69625 Tm
[<0036>0<0044>0<0059>0<0048>0<0047>0] TJ
1 0 0 -1 136.368164 433.53625 Tm
1 0 0 -1 136.368164 451.53625 Tm
1 0 0 -1 136.368164 469.53625 Tm
1 0 0 -1 136.368164 487.53625 Tm
1 0 0 -1 136.368164 505.53625 Tm
1 0 0 -1 130.799805 654.61625 Tm
1 0 0 -1 130.799805 672.61625 Tm
1 0 0 -1 130.799805 690.61625 Tm
1 0 0 -1 130.799805 708.61625 Tm
1 0 0 -1 130.799805 726.61625 Tm
1 0 0 -1 130.799805 744.61625 Tm
1 0 0 -1 130.799805 762.61625 Tm
1 0 0 -1 136.368164 911.69625 Tm
1 0 0 -1 136.368164 929.69625 Tm
1 0 0 -1 136.368164 947.69625 Tm
[<001b>0] TJ
712 642.78 m
104 642.78 l
104 643.78 l
712 643.78 l
104 643.78 608 0 re
104 642.78 608 1 re
712 829.86 m
104 829.86 l
104 830.86 l
712 830.86 l
104 830.86 608 0 re
104 829.86 608 1 re
[<0033>0<0055>20<0052>0<07af>0<004f>0<0048>0] TJ
[<0030>0<0039>0<0033>0<0003>0<0038>0<0056>0<0048>0<0055>0<0003>0<0036>0<0057>0<0052>0<0055>0<004c>0<0048>0<0056>0] TJ
[<0038>0<0056>0<0048>0<0055>0<0003>0<0036>0<0057>0<0052>0<0055>0<005c>0<0003>0<0014>0] TJ
[<0024>0<0056>0<0003>0<0044>0<0003>0<0058>0<0056>0<0048>0<0055>159<000f>0<0003>0<002c>0<0003>0<005a>0<0044>0<0051>0<0057>0<0003>0<0057>0<0052>0<0003>0<0052>0<0053>0<0048>0<0051>0<0003>0<0057>0<004b>0<0048>0<0003>0<0044>0<0053>0<0053>0<0003>0<0044>0<0051>0<0047>0<0003>0<0056>0<0048>0<0048>0<0003>0<0051>0<0048>0<0044>0<0055>0<0045>20<005c>0<0003>0<0044>0<0046>0<0057>0<004c>0<0059>0<0048>0<0003>0<004a>0<0044>0<0055>20<0044>0<004a>0<0048>0<0003>0<0056>0<0044>0<004f>0<0048>0<0056>0<0003>0<0052>0<0051>0<0003>0<0044>0<0003>0<0050>0<0044>0<0053>0<0003>0<0056>0<0052>0<0003>0<002c>0<0003>0<0046>0<0044>0<0051>0<0003>0<0054>0<0058>0<004c>0<0046>0<004e>0<004f>0<005c>0<0003>0<0047>0<0048>0<0046>0<004c>0<0047>0<0048>0<0003>0<005a>0<004b>0<0048>0<0055>20<0048>0] TJ
1 0 0 -1 104 280.67625 Tm
[<0057>0<0052>0<0003>0<004a>0<0052>0<0011>0] TJ
1 0 0 -1 104 325.503887 Tm
[<0038>0<0056>0<0048>0<0055>0<0003>0<0036>0<0057>0<0052>0<0055>0<005c>0<0003>0<0015>0] TJ
1 0 0 -1 104 360.61625 Tm
[<0024>0<0056>0<0003>0<0044>0<0003>0<0058>0<0056>0<0048>0<0055>159<000f>0<0003>0<002c>0<0003>0<005a>0<0044>0<0051>0<0057>0<0003>0<0057>0<0052>0<0003>0<0057>0<0044>0<004e>0<0048>0<0003>0<0044>0<0003>0<0053>0<004b>0<0052>0<0057>0<0052>0<0003>0<0052>0<0049>0<0003>0<0044>0<0003>0<004a>0<0044>0<0055>20<0044>0<004a>0<0048>0<0003>0<0056>0<0044>0<004f>0<0048>0<0003>0<0056>0<004c>0<004a>0<0051>0<0003>0<0052>0<0055>0<0003>0<0047>0<0055>0<004c>0<0059>0<0048>20<005a>0<0044>0<005c>0<0003>0<0056>0<0044>0<004f>0<0048>0<0003>0<0056>0<0052>0<0003>0<0057>0<004b>0<0048>0<0003>0<0044>0<0053>0<0053>0<0003>0<0046>0<0044>0<0051>0<0003>0<0054>0<0058>0<004c>0<0046>0<004e>0<004f>0<005c>0<0003>0<0046>0<0055>20<0048>0<0044>0<0057>0<0048>0<0003>0<0044>0<0003>0<004f>0<004c>0<0056>0<0057>0<004c>0<0051>0<004a>0] TJ
1 0 0 -1 104 378.61625 Tm
[<0049>0<0052>0<0055>0<0003>0<0052>0<0057>0<004b>0<0048>0<0055>0<0003>0<0058>0<0056>0<0048>0<0055>0<0056>0<0011>0] TJ
1 0 0 -1 104 423.443887 Tm
[<0038>0<0056>0<0048>0<0055>0<0003>0<0036>0<0057>0<0052>0<0055>0<005c>0<0003>0<0016>0] TJ
1 0 0 -1 104 458.55625 Tm
[<0024>0<0056>0<0003>0<0044>0<0003>0<0058>0<0056>0<0048>0<0055>159<000f>0<0003>0<002c>0<0003>0<005a>0<0044>0<0051>0<0057>0<0003>0<0057>0<0052>0<0003>0<0046>0<004b>0<0048>0<0046>0<004e>0<0003>0<004c>0<0051>0<0003>0<0044>0<0051>0<0047>0<0003>0<0055>20<0048>0<0053>0<0052>0<0055>0<0057>0<0003>0<005a>0<004b>0<0048>0<0057>0<004b>0<0048>0<0055>0<0003>0<0044>0<0003>0<0056>0<0044>0<004f>0<0048>0<0003>0<004c>0<0056>0<0003>0<0056>0<0057>0<004c>0<004f>0<004f>0<0003>0<0052>0<0053>0<0048>0<0051>0<0003>0<0056>0<0052>0<0003>0<0052>0<0057>0<004b>0<0048>0<0055>0<0056>0<0003>0<0047>0<0052>0<0003>0<0051>0<0052>0<0057>0<0003>0<005a>0<0044>0<0056>0<0057>0<0048>0<0003>0<0057>0<004c>0<0050>0<0048>0<0011>0] TJ
1 0 0 -1 104 503.383887 Tm
[<0038>0<0056>0<0048>0<0055>0<0003>0<0036>0<0057>0<0052>0<0055>0<005c>0<0003>0<0017>0] TJ
1 0 0 -1 104 538.49625 Tm
[<0024>0<0056>0<0003>0<0044>0<0003>0<0058>0<0056>0<0048>0<0055>159<000f>0<0003>0<002c>0<0003>0<005a>0<0044>0<0051>0<0057>0<0003>0<0057>0<0052>0<0003>0<0046>0<0052>0<0050>0<0050>0<0048>0<0051>0<0057>0<0003>0<0052>0<0051>0<0003>0<0044>0<0003>0<0056>0<0044>0<004f>0<0048>0<0003>0<0056>0<0052>0<0003>0<0052>0<0057>0<004b>0<0048>0<0055>0<0056>0<0003>0<004e>0<0051>0<0052>20<005a>0<0003>0<005a>0<004b>0<0044>0<0057>0<0003>0<004e>0<004c>0<0051>0<0047>0<0003>0<0052>0<0049>0<0003>0<004c>0<0057>0<0048>0<0050>0<0056>0<0003>0<0044>0<0055>20<0048>0<0003>0<0044>0<0059>0<0044>0<004c>0<004f>0<0044>0<0045>0<004f>0<0048>0<0011>0] TJ
1 0 0 -1 104 583.323887 Tm
[<0038>0<0056>0<0048>0<0055>0<0003>0<0036>0<0057>0<0052>0<0055>0<005c>0<0003>0<0018>0] TJ
1 0 0 -1 104 618.43625 Tm
[<0024>0<0056>0<0003>0<0044>0<0003>0<0058>0<0056>0<0048>0<0055>159<000f>0<0003>0<002c>0<0003>0<005a>0<0044>0<0051>0<0057>0<0003>0<0052>0<004f>0<0047>0<0003>0<0056>0<0044>0<004f>0<0048>0<0056>0<0003>0<0057>0<0052>0<0003>0<0047>0<004c>0<0056>0<0044>0<0053>0<0053>0<0048>0<0044>0<0055>0<0003>0<0044>0<0058>0<0057>0<0052>0<0050>0<0044>0<0057>0<004c>0<0046>0<0044>0<004f>0<004f>0<005c>0<0003>0<0056>0<0052>0<0003>0<0057>0<004b>0<0048>0<0003>0<0050>0<0044>0<0053>0<0003>0<0056>0<0057>0<0044>0<005c>0<0056>0<0003>0<0044>0<0046>0<0046>0<0058>0<0055>20<0044>0<0057>0<0048>0<0011>0] TJ
1 0 0 -1 104 691.092012 Tm
[<002c>0<0050>0<0053>0<0052>0<0055>0<0057>0<0044>0<0051>0<0057>0<0003>0<0033>0<0055>20<0052>0<0047>0<0058>0<0046>0<0057>0<0003>0<0033>0<0055>0<004c>0<0051>0<0046>0<004c>0<0053>0<004f>0<0048>0] TJ
1 0 0 -1 104 729.51625 Tm
[<0033>0<004b>0<0044>0<0056>0<0048>0<0003>0<0014>0<0003>0<0056>0<004b>0<0052>0<0058>0<004f>0<0047>0<0003>0<0053>0<0055>0<004c>0<0052>0<0055>0<004c>0<0057>0<004c>0<005d>0<0048>0<0003>0<0056>0<0053>0<0048>0<0048>0<0047>0<0003>0<0044>0<0051>0<0047>0<0003>0<0058>0<0056>0<0048>0<0049>0<0058>0<004f>0<0051>0<0048>0<0056>0<0056>0<0003>0<0052>20<0059>0<0048>0<0055>0<0003>0<0053>0<0048>0<0055>0<0049>0<0048>0<0046>0<0057>0<004c>0<0052>0<0051>0<0011>0] TJ
1 0 0 -1 104 767.51625 Tm
[<0037>0<004b>0<0048>0<0003>0<0044>0<0053>0<0053>0<0003>0<0056>0<004b>0<0052>0<0058>0<004f>0<0047>0<0003>0<0050>0<0044>0<004e>0<0048>0<0003>0<004c>0<0057>0<0003>0<0048>20<005b>0<0057>0<0055>20<0048>0<0050>0<0048>0<004f>0<005c>0<0003>0<0048>0<0044>0<0056>0<005c>0<0003>0<0049>0<0052>0<0055>0<0003>0<0058>0<0056>0<0048>0<0055>0<0056>0<0003>0<0057>0<0052>0<0003>0<0046>0<0052>0<0051>0<0057>0<0055>0<004c>0<0045>0<0058>0<0057>0<0048>0<0003>0<0044>0<0003>0<0056>0<0044>0<004f>0<0048>0<0003>0<004c>0<0051>0<0003>0<0058>0<0051>0<0047>0<0048>0<0055>0<0003>0<0014>0<0018>0<0003>0<0056>0<0048>0<0046>0<0052>0<0051>0<0047>0<0056>0<0011>0] TJ
1 0 0 -1 104 805.51625 Tm
[<0037>0<004b>0<0048>0<0003>0<0049>0<0044>0<0056>0<0057>0<0048>0<0056>0<0057>0<0003>0<0046>0<0052>0<0051>0<0057>0<0055>0<004c>0<0045>0<0058>0<0057>0<004c>0<0052>0<0051>0<0003>0<07b0>0<0052>20<005a>0<0003>0<004c>0<0056>0<0003>0<0050>0<0052>0<0055>20<0048>0<0003>0<004c>0<0050>0<0053>0<0052>0<0055>0<0057>0<0044>0<0051>0<0057>0<0003>0<0057>0<004b>0<0044>0<0051>0<0003>0<0056>0<0048>0<004f>0<004f>0<0048>0<0055>0<0010>0<0056>0<004c>0<0047>0<0048>0<0003>0<004f>0<004c>0<0056>0<0057>0<004c>0<0051>0<004a>0<0003>0<0046>0<0058>0<0056>0<0057>0<0052>0<0050>0<004c>0<005d>0<0044>0<0057>0<004c>0<0052>0<0051>0<0011>0] TJ
1 0 0 -1 104 878.172012 Tm
[<002c>0<0051>0<004c>0<0057>0<004c>0<0044>0<004f>0<0003>0<0025>0<0058>0<004c>0<004f>0<0047>0<0003>0<0037>80<0044>0<0056>0<004e>0<0056>0] TJ
1 0 0 -1 104 916.59625 Tm
[<0036>0<0057>0<0044>0<0055>0<0057>0<0003>0<0045>20<005c>0<0003>0<004a>0<0048>0<0051>0<0048>0<0055>20<0044>0<0057>0<004c>0<0051>0<004a>0<001d>0] TJ
1 0 0 -1 144 954.59625 Tm
[<0033>0<0055>20<0052>0<004d>0<0048>0<0046>0<0057>0<0003>0<0056>0<0048>0<0057>0<0058>0<0053>0<0003>0<0058>0<0056>0<004c>0<0051>0<004a>0<0003>0<0028>0<005b>0<0053>0<0052>0<0003>0<000e>0<0003>0<0037>20<005c>0<0053>0<0048>0<0036>0<0046>0<0055>0<004c>0<0053>0<0057>0<0011>0] TJ
1 0 0 -1 130.799805 954.59625 Tm
[<001c>0] TJ
[<0036>0<0058>0<0053>0<0044>0<0045>0<0044>0<0056>0<0048>0<0003>0<0046>0<004f>0<004c>0<0048>0<0051>0<0057>0<0003>0<0056>0<0048>0<0057>0<0058>0<0053>0<0011>0] TJ
[<0024>0<0058>0<0057>0<004b>0<0048>0<0051>0<0057>0<004c>0<0046>0<0044>0<0057>0<004c>0<0052>0<0051>0<0003>0<0056>0<0046>0<0055>20<0048>0<0048>0<0051>0<0056>0<0011>0] TJ
1 0 0 -1 144 145.65625 Tm
[<0027>0<0044>0<0057>0<0044>0<0045>0<0044>0<0056>0<0048>0<0003>0<0056>0<0046>0<004b>0<0048>0<0050>0<0044>0<0003>0<0036>0<0034>0<002f>0<0003>0<0050>0<004c>0<004a>0<0055>20<0044>0<0057>0<004c>0<0052>0<0051>0<0011>0] TJ
1 0 0 -1 144 163.65625 Tm
[<0030>0<0044>0<004c>0<0051>0<0003>0<0057>0<0044>0<0045>0<0003>0<0051>0<0044>0<0059>0<004c>0<004a>0<0044>0<0057>0<004c>0<0052>0<0051>0<0011>0] TJ
1 0 0 -1 144 181.65625 Tm
[<0030>0<0044>0<0053>0<0003>0<0056>0<0046>0<0055>20<0048>0<0048>0<0051>0<0003>0<005a>0<004c>0<0057>0<004b>0<0003>0<0046>0<0058>0<0055>0<0055>20<0048>0<0051>0<0057>0<0003>0<004f>0<0052>0<0046>0<0044>0<0057>0<004c>0<0052>0<0051>0<0011>0] TJ
1 0 0 -1 144 199.65625 Tm
[<0036>0<0044>0<004f>0<0048>0<0056>0<0003>0<0057>0<0044>0<0045>0<004f>0<0048>0<0003>0<004c>0<0051>0<0057>0<0048>0<004a>0<0055>20<0044>0<0057>0<004c>0<0052>0<0051>0<0011>0] TJ
1 0 0 -1 144 217.65625 Tm
[<0026>0<0055>20<0048>0<0044>0<0057>0<0048>0<0003>0<004f>0<004c>0<0056>0<0057>0<004c>0<0051>0<004a>0<0003>0<07b0>0<0052>20<005a>0<0003>0<005a>0<004c>0<0057>0<004b>0<0003>0<0053>0<004b>0<0052>0<0057>0<0052>0<0003>0<0058>0<0053>0<004f>0<0052>0<0044>0<0047>0<0003>0<0044>0<0051>0<0047>0<0003>0<002a>0<0033>0<0036>0<0003>0<0046>0<0044>0<0053>0<0057>0<0058>0<0055>20<0048>0<0011>0] TJ
1 0 0 -1 144 235.65625 Tm
[<0036>0<0044>0<004f>0<0048>0<0003>0<0047>0<0048>0<0057>0<0044>0<004c>0<004f>0<0003>0<0056>0<0046>0<0055>20<0048>0<0048>0<0051>0<0011>0] TJ
1 0 0 -1 144 253.65625 Tm
[<0026>0<004b>0<0048>0<0046>0<004e>0<0010>0<004c>0<0051>0<0012>0<0055>20<0048>0<0053>0<0052>0<0055>0<0057>0<0003>0<0056>0<005c>0<0056>0<0057>0<0048>0<0050>0<0011>0] TJ
1 0 0 -1 144 271.65625 Tm
[<0026>0<0052>0<0050>0<0050>0<0048>0<0051>0<0057>0<0056>0<0011>0] TJ
1 0 0 -1 144 289.65625 Tm
[<0029>0<0044>0<0059>0<0052>0<0055>0<004c>0<0057>0<0048>0<0056>0<0011>0] TJ
1 0 0 -1 144 307.65625 Tm
[<0028>0<005b>0<0053>0<004c>0<0055>20<0044>0<0057>0<004c>0<0052>0<0051>0<0003>0<004f>0<0052>0<004a>0<004c>0<0046>0<0011>0] TJ
1 0 0 -1 104 337.65625 Tm
[<0025>0<0058>0<004c>0<004f>0<0047>0<0003>0<004c>0<0051>0<0046>0<0055>20<0048>0<0050>0<0048>0<0051>0<0057>0<0044>0<004f>0<004f>0<005c>0<0003>0<0044>0<0051>0<0047>0<0003>0<004e>0<0048>0<0048>0<0053>0<0003>0<0057>0<004b>0<0048>0<0003>0<0046>0<0052>0<0047>0<0048>0<0003>0<0050>0<0052>0<0047>0<0058>0<004f>0<0044>0<0055>159<0011>0] TJ
1 0 0 -1 104 375.65625 Tm
[<0038>0<0056>0<0048>0<0003>0<0046>0<004f>0<0048>0<0044>0<0051>0<0003>0<07af>0<004f>0<0048>0<0003>0<0052>0<0055>10<004a>0<0044>0<0051>0<004c>0<005d>0<0044>0<0057>0<004c>0<0052>0<0051>0<001d>0] TJ
1 0 0 -1 104 413.65625 Tm
[<0012>0<0056>0<0055>20<0046>0<0003>0<0012>0<0046>0<0052>0<0050>0<0053>0<0052>0<0051>0<0048>0<0051>0<0057>0<0056>0<0003>0<0012>0<0056>0<0046>0<0055>20<0048>0<0048>0<0051>0<0056>0<0003>0<0012>0<0051>0<0044>0<0059>0<004c>0<004a>0<0044>0<0057>0<004c>0<0052>0<0051>0<0003>0<0012>0<0056>0<0048>0<0055>0<0059>0<004c>0<0046>0<0048>0<0056>0<0003>0<0012>0<004b>0<0052>0<0052>0<004e>0<0056>0<0003>0<0012>0<0057>0<005c>0<0053>0<0048>0<0056>0<0003>0<0012>0<0058>0<0057>0<004c>0<004f>0<0056>0<0003>0<0012>0<0046>0<0052>0<0051>0<0056>0<0057>0<0044>0<0051>0<0057>0<0056>0<0003>0<0012>0<004f>0<004c>0<0045>0] TJ
1 0 0 -1 104 451.65625 Tm
[<0033>0<0055>0<004c>0<0052>0<0055>0<004c>0<0057>0<004c>0<005d>0<0048>0<0003>0<0050>0<0044>0<004c>0<0051>0<0057>0<0044>0<004c>0<0051>0<0044>0<0045>0<004c>0<004f>0<004c>0<0057>0<005c>40<000f>0<0003>0<0056>0<0057>0<0055>20<0052>0<0051>0<004a>0<0003>0<0037>20<005c>0<0053>0<0048>0<0036>0<0046>0<0055>0<004c>0<0053>0<0057>0<0003>0<0057>0<005c>0<0053>0<0048>0<0056>0<000f>0<0003>0<0044>0<0051>0<0047>0<0003>0<0046>0<004f>0<0048>0<0044>0<0055>0<0003>0<0046>0<0052>0<0050>0<0050>0<0048>0<0051>0<0057>0<0056>0<0011>0] TJ
1 0 0 -1 104 489.65625 Tm
[<0027>0<0052>0<0003>0<0051>0<0052>0<0057>0<0003>0<0045>0<0058>0<004c>0<004f>0<0047>0<0003>0<0033>0<004b>0<0044>0<0056>0<0048>0<0003>0<0015>0<0003>0<004a>0<0044>0<0050>0<004c>0<07af>0<0046>0<0044>0<0057>0<004c>0<0052>0<0051>0<0003>0<005c>0<0048>0<0057>0<000f>0<0003>0<0045>0<0058>0<0057>0<0003>0<0056>0<0057>0<0055>0<0058>0<0046>0<0057>0<0058>0<0055>20<0048>0<0003>0<0057>0<004b>0<0048>0<0003>0<0044>0<0053>0<0053>0<0003>0<0056>0<0052>0<0003>0<003b>0<0033>129<000f>0<0003>0<0045>0<0044>0<0047>0<004a>0<0048>0<0056>0<000f>0<0003>0<004f>0<0048>0<0044>0<0047>0<0048>0<0055>0<0045>0<0052>0<0044>0<0055>20<0047>0<0056>0<000f>0<0003>0<0044>0<0051>0<0047>0<0003>0<0057>0<0055>20<0048>0<0044>0<0056>0<0058>0<0055>20<0048>0] TJ
1 0 0 -1 104 507.65625 Tm
[<0058>0<0053>0<004f>0<0052>0<0044>0<0047>0<0056>0<0003>0<0046>0<0044>0<0051>0<0003>0<0045>0<0048>0<0003>0<0044>0<0047>0<0047>0<0048>0<0047>0<0003>0<004f>0<0044>0<0057>0<0048>0<0055>159<0011>0] TJ
1 0 0 -1 130.799805 145.65625 Tm
1 0 0 -1 130.799805 163.65625 Tm
1 0 0 -1 130.799805 181.65625 Tm
1 0 0 -1 130.799805 199.65625 Tm
1 0 0 -1 130.799805 217.65625 Tm
1 0 0 -1 130.799805 235.65625 Tm
1 0 0 -1 123.935547 253.65625 Tm
1 0 0 -1 123.935547 271.65625 Tm
1 0 0 -1 123.935547 289.65625 Tm
1 0 0 -1 123.935547 307.65625 Tm
1 0 0 -1 401.135742 1012.65625 Tm
[<0014>0<0013>0] TJ
    name#¿<o  ?  èpostÿ 2  AD        !ø²ó_<õ è    ÜÐ?    æk8ÿþÿý            -þÛ  ÖÿþÿÓ               °   ° ,  
Y    +Ê     %##5!533'4667#3+VþÏ9Vé ¬iÍþ?yB9 &Æ   1ÿöÊ   2#"&'532654#"'!#66,Af;8c%%h.CG<<ÿ 'È2`Gt 7:l  l  9ÿó ä,     4632#"&4632#"&92$#22#$22$#22#$2Ù.%%.,''þ.%%.,''      ²Í    !'!#3.'34þü4£ü¹ýþÑ3ºªªÍý3Ï46;5 ¦  Z  kÊ   "  2#!2654&##32654&#895$:"zþõïB3<APcD67HÊPe=T $D8anÊþå*(
1  :ÿöZÔ   "3267#"&&546632&&WU^,W3/9nDNl5k11(QVqr}[¥nl¦^{  Z  ªÊ     ##324&##32ªÍ¹Êàp¥[hcQAÛlµ·ÊPwwoþ/  Z  õÊ    !!!!3#!õþeþüòòÊ||¸  Z  óÊ    3#!!3#ïþüòòÊ|¸|   :ÿöÔ    !#"&546632&&#"32675#i8yM ¬W¦x9n-2!T.Ba5&RB -þ¼´p¤Zy<mJFl=      eÊ    !!57'5!eþ»WWEWWV(Î(VV(þ2(   Z  Ê   33!Z"Êý³}   Z  UÊ   !##333#4667#¬Î©³Î¸0P[%þ´ÊýÞ"ý6R"XOýÑ  Z  ÓÊ   !###33&&'3ÓÀþÉ¿63f3þ°Êýé2b1R  Z  GÊ     2####32654>4yhAÜE2@KÊwh>mBþÊ|Ô39h   Z  Ê    2####32654&*%=#Ò¨ªQÅ.1KAEÊjl1I3þÉþîÊ|Á213+  .ÿöÿÔ (  %#"'532654&&'.54632&&#"ÿ~qY3m68/%>(:5"p8e711N
&, 8L     /Ê   !##5!#mÂÂL~~   UÿöÊ   %#"&5332653AdHGJCüJwEwÌþKXHNS´     Ê   #3>7ó¥òÊý6ÊþW ;AA; ©  ÿþÿbÿ¦   !5!þaD  *ÿö-  &  2#'##"&5467754&#"'6632655.nuh#NDI`zz_-((L&1,kOH8( 0B-_bþJ,(UXWS+(eþÎ0'"94-  NÿöLø  "  36632#"&'##3"32654&ãJ; t^<E rk://>.67G<"/+<øþ½HJOUUPPQ   -ÿöã,   "&546632&&#"3267,z DyO8S,#=t=7/H""K d~<s¥RN   -ÿö+ø  "  "&546323&&553#'#'26754&#"û[st^;LrJ>21B188 ."= ¯ýG"/wIIPTUPPQ   -ÿö$,    2!3267#"&&5466"3&&/qþ G?5V.(Y?R~HAtN+9Ñ2,wH?Hs=|^`@j8;2A    °ý   ###57546632&&#"3|RR/W;,G&(²þN²H((FM  m &"  -ÿ+,  
J*&_iþ?v]Wþÿø  H   êø     2#"&546#!00!"//lø*
"/."Füî[IIPTUP£   N  ±,   2&&#"#3366   &F+qT,<4þê"*<   -ÿöË, (  %#"&'532654&&'.54632&&#"Ëut9R
H%B10/D%¢SY{+=.LLk$ 
ÿÿ   mý & I    L        Z      ^        ^      p     0 x      ¨     ° Ä     t C o p y r i g h t   2 0 1 5   G o o g l e   L L C .   A l l   R i g h t s   R e s e r v e d . N o t o   S a n s B o l d 2 . 0 0 4 ; G O O G ; N o t o S a n s - B o l d N o t o   S a n s   B o l d V e r s i o n   2 . 0 0 4 ;   t t f a u t o h i n t   ( v 1 . 8 . 3 
@GDEF
TOS/2j
`cmap
glyfaAd
head%
6hhea
$hmtxxz
bmaxp
name#
#"&92$#22#$2F.%%.,''
E[@Fe7/Y?\
8K=#+*&#a
3W7;b`:V
YAVY=
dtZ.e+QA
KC67BE
F*qNn
TG>c9'
8c%%h.CG
B3<APcD67H
$D8an
W\U^,W3/\9n
l5k11(Q
x9n-2!T.Ba5&RB -
<mJFl=
EWWV(
wh>mB
.1KAE
jl1I3
~qY3m68/%>(
p8e711N)+.DC7M*
!1F1`k
KXHNS
#NDI`zz_-((L&1,kOH8( 0B
J,(UXWS
J;\rt^<E
OUUPPQ
DyO8S
t=7/H""K
[st^;L
1B188
G"/wII
PTUPPQ
G?5V.(Y?R~HAtN+9
@j8;2A
RR/W;,G
H((FM
:c/eps
N1amp
ik976
!00!"//l
"F*&')*&
?;;]W
B}[QSSQQQQ
~\rv\;F
G!0wHJ
J<\rt]<K
ut9R),f',%
253B vb3\1-(H%B
10/D%
+=.LL
G*1M-GR+_
?2stp
F*&_i
eÎLK¡2´t é@¿_'å£S ! -3´L¡ßÐ´à§9÷Ir4ùæGÌ÷éÜÜ÷î»Ë¹ç{¶çøaP2:Ôèv8]òó²~Üß^¯§¬röýL'BØÏc{Æ w at»áù®ñ%¸Ë`þ7à.Ù½6}æY}2BåS©L³;Ç§rß7î± Úf¡Cr:Q øXxÎÝ³zàKißç¿AHûO»'Ç·å&ÒÃpÚÔñK§Ñ C·0¾ggÞjc;BÎÛ"hiqe5üT ûßNÇå `ñpY$V÷_HÂ¼=è Ñ« ôþËyEUø °9G6àQ (" ëØþ1_ñ1çL[@òí| Ù@N&¨×xfIþÁÃ
§h@;È¿Â½ªêëh@[2 óæ¡/3·Áý ÜS`þHô¾ }yÈ kÉ/Ð óJ&­À¯-Ê£uEïÂýÃ¼·Àæ¨dÇA&´wA?A_ j¡`¾´ö¦ót¾Æ."3C2óáOaÿtDä(óã×Å!qCâðÿðÔBâ8Ä!qCâ8Ä!qCâ8Äá/d¥AP¨Êèÿ¡+Â}AO2Ò!*@5È¼h  ¡BuOH80jDE¨ FÛ¢£ã0Ãáð;7*oÿ:ù×ÿ_þÿ êÍêaÿ´nE§ÑÃè;è-ô{Ìáq|? ¯D2Dî'Ï]S~ÅlcÜÌ s9Ã<å (`¥l
R¤äÊz«½DvmQö JO¤¼éû¶Ö|WÅWPV¸Ç1µZÚm?ç¼ÏØzýåµ;ruµÅÎªí,K
=@­ÏÕ(Úý]¯0RJ«vH9iQ1µzRÐ¨òw*mWu,_ÛÚÚí>ºSe¥hÃÖ F¬énÙ{hÖ±ÐôQC§ÓYæ2¸¢ãÜµÅ¥]³pBË³KG·ð]Æ:]QÀ<Ó/^G1Bf¬·êUøs8?/òo] ÁTW-1!kLbDh£jkÏn@F°&¦ÇF£X·È«Ï+ö_¹¹Àa´x«Æêìn®.×âv½ÒÚáíèvÈäB°§¨±B¡²º*çvUx,éÚ@³½Íä¶VæUr2u½­ÒÊ,N§ÝâÌoóR9V Ò±2DNÊYOè_µ-µQ è¢åi¶ûJ«ÜXá²e±º§ix¹zÚéXhü¨Þ×â*ù%*H¨-¥Ô7Wc¨XiÛ]ã¼íDw¯ÓGÙ[Ei¼Éï |ÞæÙÉoä+bw|9_«Í§ÁØôÂ×Nä0ù ø`9X¦Q/á°ãRb¤i&ú>þÝÀÖø±¿Ì¤¦°t±ÿòolHZXS+NnðôÂéÊÀËb''QEN+¢¨RÉ£:KN|ÞÕâ-<¾òÉ[Ã¡ý_µvSñM4ô$$àÆÁ­ñ¯ÖÖÔßiã7ZëªègghÀ @<ÄDlW ¢Ê^#ÉÏÇgW>{èPY¯É¨ÝsÆë»wa¹7Wï'Çï=qü>YrgZêà£K»
èNa3º*Îæ·ÛTßQªO1§½¶!õÊ½#£²©ùåÐØ®X¦vM4U«TzõõAÒ7¢t®sÒÊ t} ]öö}Mµó®¯T¨êöx­C!EzGº¼þÐ@ð°Ãã÷8 4À|l^ú"Îj²u*3n?îÖYY¡º¸è$¾Àã ÚÙ¡$SXÛÀEè @m@¯ÆlJ ´ fóµÒ6U üÂÐ]ûíoóÝäôÌÚf÷í[iiõºü­íÄ`*po\Y5ø ý.UrIÿÌ±£w·ÎONÎõ«Bô¤@B¦p* M1e¢rAÖc"qÖeb¢ÿÀ`K0H2MAáÈ ÿ×¸ÿ£`¯Pà¥=IÞ[É(bêH ·*srj­¶
§n£ó~z ¦OÏ-BóÑóÄ§7e5á-²ö¥q
W©Ó
? à ÌÖµDC âõ/î¦§2,¦ì}dðÏ«mry¥M ë6ÞµIHHä-$ÇmÉD"H0~<E!bÙôÔ±©³C­IJeR%¡±á$Ë2ªä¶Ás3¸¬À§Vû ùÝ.·Ë+íjÊÿÔÐµ=3Xµ°-ìNÃ=ÐDÆgÖØÍ õÜ ïMúüä÷:s×$NÇâõuþü¯½+pXyXQòª¶þüÇnÇ£«ibVº'ô«m¹
òó =¤P°ÿ/ñÿ¹|¯£_ ³;Ð¸ÿ»@ûÚÑXVÖH+Þã¨ªr4×ÔÃôLÀ3n@Öâ c vD(Ú/ÚÒï£ýBkþf ï#Ò¦ò¶ äçKÑ6lèp´ÍÂ~'Ú¡'ÐkÑ¶éð ÔaÕÚæÐ E«ð&QÊQ²BË £Ð¿í§v(-¨ZMÐ³îÝ«V§pß ¸öÃu fvÂêU¨:Ôo 0JçÌ }°zæUÂr(T {ù ¸¡[[SrÝª?Åª»nF@Å P·ãºköÑÁÚU4 óö XfaÖÀ· è®UPÍàAt°3å²Jhí «pÐ¶;*¥ÈÓ¸V nÚvÀÒ°*ì[ûè E©Ø
"hiqe5
C}PiWb5\
spJ1.
mWu,_
-1!kL
+bw|9_
b''QEN
>YrgZ
]\xxx
;=x~z
*SK$j
`eNde
R$JO^
`w[s'#'
C!EzG
`*po\\Y5
`K0H2M\A
@zl7C
stCe-u
JUrZu
~<E!b
a-EnJ
 Åj            þà  è ( #Å                 P    Ó¼   X   KX  ^ 2E                          GOOG  !!pÿ          Ý         Z      T         T      t     F |     * Â     d ì     $P ©   2 0 1 4 - 2 0 2 1   A d o b e   ( h t t p : / / w w w . a d o b e . c o m / 
http://www.adobe.com/
PBASEB
`VORG
4head&
$hmtx
name
vhea
$vmtx
NotoSansCJKjp-Bold
AdobeIdentityCopyright 2014-2021 Adobe (http://www.adobe.com/). Noto is a trademark of Google Inc.Noto Sans CJK JP BoldNoto Sans CJK JPNotoSansCJKjp-Bold-DingbatsNotoSansCJKjp-Bold-DingbatsDigitsNotoSansCJKjp-Bold-GenericNotoSansCJKjp-Bold-HangulNotoSansCJKjp-Bold-Proportional
`lVTfX
,cyrl
>grek
>hang
,hani
,kana
,latn
icfbicftideoromn
0OS/2x
tgasp
$hmtxL
`loca
Lpost
:/kpP%
Adobe
UCS
12 dict begin
begincmap
<< /Registry (Adobe)
>> def
1 begincodespacerange
<0000> <ffff>
endcodespacerange
52 beginbfchar
<0052> <006f>
<005b> <0078>
<004c> <0069>
<004f> <006c>
<002a> <0047>
<001d> <003a>
<004b> <0068>
<0030> <004d>
<0051> <006e>
<0010> <002d>
<002f> <004c>
<004e> <006b>
<002c> <0049>
<005c> <0079>
<0050> <006d>
<004a> <0067>
<005a> <0077>
<0031> <004e>
<0011> <002e>
<07af> <00660069>
<0042> <005f>
endbfchar
endcmap
76 beginbfchar
<003c> <0059>
<000f> <002c>
<0012> <002f>
<000a> <0027>
<001b> <0038>
<001a> <0037>
<001c> <0039>
<020e> <2022>
<07b0> <0066006c>
<005d> <007a>
<0032> <004f>
<003a> <0057>
<002e> <004b>
<004d> <006a>
<000b> <0028>
<000c> <0029>
<003e> <005b>
<0040> <005d>
<000e> <002b>
<003b> <0058>
1 beginbfchar
<031c> <2192>
15 beginbfchar
 - 2 7 ; @ E J O T Y ^ c h m r w |        ¤ © ® ² · ¼ Á Æ Ë Ð Õ Û à å ë ð ö û %+28>ELRY`gnu|¡©±¹ÁÉÑÙáéòú &/8AKT]gqz¢¬¶ÁËÕàëõ  !-8COZfr~¢®ºÇÓàìù -;HUcq~¨¶ÄÓáðþ +:IXgw¦µÅÕåö'7HYj{¯ÀÑãõ+=Oat¬¿Òåø 2FZnª¾Òçû  % : O d y  ¤ º Ï å û  ' = T j   ® Å Ü ó " 9 Q i   ° È á ù  * C u  § À Ù ó & @ Z t  © Ã Þ ø.Id¶Òî %A^z³Ïì &Ca~¹×õ1OmªÉè&Ed£Ãã#Cc¤Åå'Ij­Îð4Vx½à&Il²ÖúAe®Ò÷@e¯Õú Ek·Ý*QwÅì;c²Ú*R{£ÌõGpÃì@j¾é>i¿ê  A l  Ä ð!!H!u!¡!Î!û"'"U""¯"Ý# #8#f##Â#ð$$M$|$«$Ú% %8%h%%Ç%÷&'&W&&·&è''I'z'«'Ü( (?(q(¢(Ô
UuUÂVVV©V÷WDWWàX/X}XËYYiY¸ZZVZ¦Zõ[E[[åÖ]']x]É^^l^½__a_³``W`ª`üaOa¢aõbIbbðcCccëd@ddée=eeçf=ffèg=ggéh?hhìiCiiñjHjj÷kOk§kÿlWl¯mm`m¹nnknÄooxoÑp+ppàq:qqðrKr¦ss]s¸ttptÌu(u uáv>vvøwVw³xxnxÌy*yyçzFz¥{{c{Â|!||á}A}¡~~b~Â#åG¨ kÍ0ôWºã G «r×;iÎ3þdÊ0ücÊ1ÿfÎ6nÖ?¨zãM¶ ô_É4 uàL¸$ühÕB¯÷dÒ@®ú i Ø¡G¡¶¢&¢££v£æ¤V¤Ç¥8¥©¦¦¦ý§n§à¨R¨Ä©7©©ªª««u«é¬¬Ð­D­¸®-®¡¯¯° °u°ê±`±Ö²K²Â³8³®´%´µµ¶¶y¶ð·h·à¸Y¸Ñ¹J¹Âº;ºµ».»§¼!¼½½¾ ¾¾ÿ¿z¿õÀpÀìÁgÁãÂ_ÂÛÃXÃÔÄQÄÎÅKÅÈÆFÆÃÇAÇ¿È=È¼É:É¹Ê8Ê·Ë6Ë¶Ì5ÌµÍ5ÍµÎ6Î¶Ï7Ï¸Ð9ÐºÑ<Ñ¾Ò?ÒÁÓDÓÆÔIÔËÕNÕÑÖUÖØ××àØdØèÙlÙñÚvÚûÛÜÜÝÝÞÞ¢ß
î´ï@ïÌðXðåñrñÿòóó§ô4ôÂõPõÞömöû÷øø¨ù8ùÇúWúçûwüüý
mntrRGB XYZ
cbXYZ
$bkpt
7chad
,desc
sRGB2014
A l
!H!u!
"'"U"
#8#f#
$M$|$
%8%h%
&'&W&
'I'z'
(?(q(
)8)k)
*5*h*
+6+i+
,9,n,
-A-v-
050l0
2*2c2
4+4e4
676r6
:6:t:
;-;k;
<'<e<
="=a=
?!?a?
@#@d@
A)AjA
B0BrB
C:C}C
F"FgF
G5G{G
J7J}J
L*LrL
N%NnN
P'PqP
R1R|R
U(UuU
X/X}X
]']x]
.IEC 61966-2-1 Default RGB Colour Space - sRGB
CRT desc
-Reference Viewing Condition in IEC 61966-2-1
-text
Copyright International Color Consortium, 2015
<?xpacket begin="" id="W5M0MpCehiHzreSzNTczkc9d"?>
<x:xmpmeta xmlns:x="adobe:ns:meta/">
<rdf:RDF xmlns:dc="http://purl.org/dc/elements/1.1/" xmlns:pdf="http://ns.adobe.com/pdf/1.3/" xmlns:pdfuaid="http://www.aiim.org/pdfua/ns/id/" xmlns:rdf="http://www.w3.org/1999/02/22-rdf-syntax-ns#" xmlns:xmp="http://ns.adobe.com/xap/1.0/"><rdf:Description rdf:about="" pdfuaid:part="1" /><rdf:Description rdf:about="" pdf:Producer="WeasyPrint 68.0" /><rdf:Description rdf:about=""><dc:title><rdf:Alt><rdf:li xml:lang="x-default">SaleScout Phase 1 MVP</rdf:li></rdf:Alt></dc:title></rdf:Description><rdf:Description rdf:about=""><dc:creator><rdf:Seq><rdf:li>ChatGPT Canvas</rdf:li></rdf:Seq></dc:creator></rdf:Description><rdf:Description rdf:about=""><xmp:CreatorTool>ChatGPT</xmp:CreatorTool></rdf:Description></rdf:RDF>
</x:xmpmeta>
<?xpacket end="r"?>
WeasyPrint 68.0
SaleScout Phase 1 MVP
ChatGPT Canvas
ChatGPT
content
sRGB IEC61966-2.1
Codex Build Goal: SaleScout Phase 1 MVP
Recommended Tech Stack
Phase 1 Product Scope
Authentication
Map Screen
Create Listing Flow
AI Placeholder
Sale Detail Screen
Check-In and Verification System
Comments
Listing Expiration Logic
Favorites
Database Schema
profiles
sales
sale_reports
sale_comments
listing_photos
Required Screens
Navigation
MVP User Stories
User Story 1
User Story 2
User Story 3
User Story 4
User Story 5
Important Product Principle
Initial Build Tasks
Noto Sans
Identity
Noto Sans CJK JP
Noto Mono
